0,1803
1,2972
2,4969
3,4550
4,5502
5,6650
6,4629
7,2346
8,2225
9,995
10,3238
11,3073
12,3262
13,4008
14,3189
15,2845
16,4557
17,4351
18,3714
19,4334
20,4283
21,7600
22,718
23,5419
24,1603
25,2144
26,1487
27,3125
28,7650
29,3465
30,4449
31,2991
32,1751
33,1494
34,1137
35,4090
36,3609
37,1144
38,1774
39,1954
40,2545
41,5523
42,4152
43,397
44,6703
45,2729
46,5004
47,3248
48,2267
49,524
50,742
51,4069
52,992
53,2298
54,2871
55,2617
56,2599
57,3437
58,7625
59,2687
60,2026
61,3014
62,10531
63,7816
64,7995
65,2973
66,1275
67,907
68,3678
69,2788
70,1316
71,823
72,290
73,1136
74,4569
75,711
76,1215
77,1934
78,2340
79,3031
80,4569
81,7567
82,8677
83,6917
84,3443
85,1935
86,8231
87,8493
88,2236
89,4147
90,1970
91,1831
92,2203
93,3508
94,2093
95,2349
96,6187
97,984
98,1385
99,1965
100,2101
101,1120
102,811
103,2594
104,2013
105,7927
106,8455
107,10901
108,2245
109,277
110,633
111,408
112,758
113,5198
114,8693
115,8232
116,4712
117,1519
118,1694
119,614
120,854
121,9986
122,931
123,2372
124,1729
125,1287
126,1840
127,1774
128,9726
129,9230
130,2502
131,4252
132,4769
133,5751
134,1149
135,2399
136,1932
137,5801
138,2164
139,2043
140,1959
141,3879
142,7025
143,3363
144,940
145,4535
146,800
147,3961
148,1048
149,1460
150,2136
151,2789
152,5102
153,3113
154,3475
155,3538
156,1391
157,2536
158,3257
159,2555
160,11722
161,2771
162,3846
163,3872
164,2491
165,6580
166,8685
167,2735
168,4323
169,7910
170,6247
171,2720
172,5485
173,5116
174,4854
175,591
176,1272
177,2110
178,1401
179,3401
180,4754
181,2598
182,1262
183,9727
184,5869
185,288
186,1570
187,3986
188,2723
189,3677
190,3026
191,3202
192,956
193,1691
194,2819
195,2072
196,1660
197,2367
198,1392
199,2591
200,1864
201,3679
202,362
203,3186
204,1586
205,1685
206,2797
207,2279
208,3553
209,4934
210,6690
211,8481
212,8021
213,1483
214,3704
215,4919
216,1841
217,752
218,3091
219,1486
220,972
221,4027
222,4140
223,2997
224,850
225,1661
226,3929
227,1274
228,1931
229,2063
230,2067
231,2423
232,4094
233,4260
234,2414
235,1169
236,4375
237,1751
238,2044
239,749
240,1284
241,945
242,2098
243,3102
244,1699
245,3538
246,499
247,603
248,1042
249,9080
250,1872
251,2272
252,6496
253,2446
254,2464
255,4509
256,8661
257,998
258,2421
259,1321
260,786
261,3398
262,1408
263,3907
264,1620
265,1277
266,1169
267,567
268,2048
269,5197
270,1255
271,3724
272,2285
273,1210
274,1260
275,1616
276,451
277,1097
278,3472
279,1374
280,8193
281,4224
282,7448
283,9088
284,2473
285,5596
286,3240
287,1360
288,2124
289,425
290,5553
291,1541
292,2576
293,805
294,1502
295,3607
296,5309
297,981
298,848
299,841
300,3131
301,5793
302,2184
303,6925
304,2308
305,3230
306,2637
307,690
308,3388
309,1472
310,2244
311,1459
312,1776
313,797
314,2782
315,393
316,2184
317,971
318,4243
319,864
320,2502
321,2172
322,837
323,1967
324,923
325,1999
326,3657
327,2539
328,862
329,6768
330,343
331,854
332,754
333,6650
334,570
335,718
336,2400
337,2925
338,4362
339,2514
340,7048
341,528
342,2589
343,1806
344,580
345,1565
346,2080
347,1491
348,210
349,1197
350,980
351,3004
352,1453
353,2470
354,410
355,4526
356,4081
357,3594
358,1696
359,824
360,1602
361,3206
362,5303
363,3302
364,747
365,6200
366,5962
367,6136
368,3104
369,683
370,550
371,6273
372,2145
373,2043
374,374
375,4010
376,2257
377,4748
378,1316
379,2231
380,2060
381,1588
382,406
383,386
384,996
385,1496
386,617
387,1013
388,1757
389,2103
390,1762
391,1013
392,1164
393,5236
394,1764
395,2989
396,787
397,1824
398,331
399,1255
400,2434
401,2840
402,585
403,1027
404,4851
405,6200
406,1343
407,1036
408,2575
409,1686
410,1336
411,4925
412,3599
413,1656
414,90
415,215
416,189
417,3730
418,2230
419,5320
420,6873
421,2799
422,2648
423,2394
424,6619
425,1182
426,3797
427,4379
428,1354
429,1675
430,3561
431,1859
432,478
433,1014
434,10229
435,496
436,223
437,1485
438,4881
439,267
440,3759
441,3684
442,1297
443,2403
444,1715
445,2348
446,1274
447,1049
448,2009
449,11
450,4162
451,222
452,1507
453,2636
454,1074
455,2545
456,113
457,1674
458,3876
459,3626
460,2959
461,688
462,2214
463,21
464,3591
465,398
466,1976
467,2050
468,1901
469,1024
470,1182
471,945
472,260
473,4781
474,5062
475,128
476,495
477,453
478,2255
479,115
480,2882
481,2969
482,1932
483,2202
484,1610
485,1542
486,3366
487,437
488,347
489,2643
490,3306
491,419
492,2299
493,5907
494,5067
495,4851
496,1243
497,909
498,3248
499,1425
500,704
501,898
502,741
503,519
504,2099
505,698
506,3643
507,107
508,1735
509,3188
510,1071
511,1134
512,481
513,2795
514,611
515,2318
516,765
517,769
518,5330
519,491
520,3459
521,802
522,102
523,668
525,1594
526,3670
527,935
528,588
529,1655
530,484
531,3947
532,1307
533,5400
534,92
535,472
536,665
537,1046
538,284
539,575
540,929
541,1584
542,748
543,2469
544,2571
545,1180
546,5195
547,1526
548,2209
549,2497
550,2672
551,1007
552,3035
553,491
554,560
555,965
556,332
557,1302
558,405
559,675
560,1624
561,19
562,1929
563,980
564,118
565,319
566,624
567,327
568,1861
569,1267
570,585
571,1600
572,1501
573,1407
574,252
575,667
576,2096
577,567
578,13
579,735
580,1
581,1725
582,1333
583,12
584,326
585,553
586,1900
587,800
588,1161
589,1670
590,1597
591,994
592,1154
593,2145
594,839
595,24
596,172
597,1014
598,491
599,121
600,593
601,3298
602,1116
603,11
604,626
605,33
606,67
607,1726
608,996
609,349
610,709
611,2181
612,3311
613,180
614,38
615,2617
616,238
617,204
618,441
619,348
620,270
621,887
622,39
623,611
624,869
625,508
626,125
627,887
628,286
629,137
630,94
631,113
632,76
633,1
634,2
635,57
636,146
637,177
638,348
639,270
640,720
641,1527
642,2126
643,729
644,876
645,146
646,291
647,996
648,1
649,610
650,73
651,778
652,240
653,1
654,2558
655,1698
656,431
657,64
658,1
659,132
660,1
661,2247
662,1366
663,1218
664,634
665,1690
666,1274
667,1951
668,70
669,340
670,1
671,1632
672,1014
673,69
674,367
675,1
676,407
677,202
678,393
679,1090
680,32
681,1366
682,84
683,602
684,1
685,2352
686,621
687,697
688,32
689,34
690,1555
691,1
692,58
693,765
694,384
695,1033
696,298
697,90
698,1490
699,741
700,971
701,19
702,292
703,1
704,205
705,510
706,483
707,1293
708,1244
709,136
710,891
711,1
712,177
713,100
714,1689
715,376
716,158
717,839
718,458
719,610
720,740
721,241
722,204
723,404
724,382
725,817
726,1167
727,197
728,847
729,489
730,1390
731,1
732,1
733,331
734,943
735,187
736,1057
737,61
738,2223
739,511
740,434
741,214
742,204
743,39
744,1
745,250
746,1
747,2381
748,2355
749,434
751,423
752,781
753,932
754,1186
756,1223
757,89
758,739
759,222
760,164
761,75
762,14
763,158
764,592
765,990
766,25
767,854
768,562
769,402
770,37
771,686
772,1
773,2
774,76
775,51
776,1512
777,794
778,566
779,103
780,130
781,81
782,403
783,466
784,96
785,334
786,545
787,129
788,2
789,656
791,189
792,222
793,40
794,44
795,55
796,391
797,244
798,1
799,655
800,232
801,194
802,6
803,959
804,546
805,238
806,198
807,512
808,1
809,3002
810,93
811,444
812,3325
813,250
814,178
815,736
816,962
817,144
818,1006
819,148
820,7477
821,334
822,808
823,710
824,56
825,63
826,1530
827,51
828,1984
829,13
830,38
831,51
832,1445
833,581
834,204
835,359
836,66
837,206
838,38
839,131
840,1277
841,205
842,252
843,2
844,195
845,1718
846,2
847,1331
848,183
849,454
850,121
851,417
852,117
853,227
854,854
855,360
856,4190
857,602
859,4837
860,794
861,18
862,16
864,95
865,473
866,260
867,295
868,198
869,174
870,157
871,58
872,745
873,73
874,157
876,33
877,857
878,108
880,2109
881,107
882,459
883,554
884,65
885,160
886,128
887,97
888,64
889,260
890,223
891,127
892,1041
893,138
894,28
895,180
896,1813
897,56
898,22
899,84
900,1560
902,156
903,89
904,53
905,22
906,462
907,456
908,766
909,655
910,84
911,174
912,89
913,781
914,1006
915,41
916,11
917,772
918,928
919,604
920,14
921,677
922,827
923,48
924,705
925,742
926,433
927,254
928,145
929,300
930,410
931,544
932,4237
933,439
934,220
935,109
936,373
937,313
938,17
939,94
940,186
942,14
945,128
946,16
947,389
948,27
949,1161
950,2744
951,307
952,292
953,358
954,691
955,354
956,727
957,371
958,101
959,131
960,131
961,131
962,17
963,2723
964,239
965,24
966,167
967,244
968,81
969,101
970,184
971,714
972,54
973,94
974,463
975,94
976,689
977,103
978,146
979,6
980,439
981,645
983,324
984,197
985,44
986,145
987,709
988,132
989,108
990,1195
991,233
992,2
993,52
994,109
996,50
997,95
998,84
999,61
1000,306
1001,358
1002,51
1003,51
1004,36
