(0,6)
(1,1)
(2,31)
(3,13)
(4,18)
(5,25)
(6,20)
(7,12)
(8,4)
(9,3)
(703,1)
(704,1)
(705,1)
(707,1)
(711,1)
(716,1)
(717,1)
(602,2)
(723,1)
(607,1)
(608,3)
(610,2)
(611,1)
(612,4)
(613,3)
(616,2)
(617,1)
(619,1)
(620,1)
(621,1)
(623,1)
(502,1)
(504,1)
(506,8)
(627,1)
(507,1)
(628,1)
(508,5)
(629,1)
(630,1)
(631,1)
(510,2)
(632,1)
(511,1)
(512,1)
(633,1)
(513,6)
(634,2)
(514,1)
(635,9)
(515,4)
(636,1)
(516,5)
(637,1)
(638,18)
(518,1)
(519,1)
(520,9)
(641,1)
(400,3)
(521,7)
(642,1)
(522,1)
(401,6)
(644,1)
(402,1)
(523,1)
(524,1)
(645,1)
(403,1)
(404,27)
(646,1)
(525,7)
(405,3)
(526,6)
(647,1)
(406,1)
(527,9)
(648,1)
(528,4)
(408,13)
(529,4)
(409,6)
(650,1)
(651,2)
(410,2)
(531,1)
(652,1)
(411,5)
(653,1)
(412,8)
(533,2)
(654,1)
(534,3)
(413,9)
(655,1)
(414,6)
(535,1)
(536,1)
(537,3)
(416,1)
(658,1)
(417,19)
(659,1)
(538,3)
(418,6)
(539,2)
(419,9)
(660,1)
(661,2)
(420,8)
(541,3)
(662,2)
(300,6)
(542,14)
(421,2)
(663,4)
(301,13)
(422,2)
(543,6)
(302,6)
(423,5)
(544,1)
(665,6)
(303,21)
(424,14)
(545,2)
(666,3)
(304,3)
(425,4)
(546,3)
(667,4)
(305,13)
(547,4)
(426,1)
(306,4)
(427,9)
(548,1)
(669,1)
(428,8)
(549,10)
(429,11)
(308,4)
(309,9)
(670,1)
(671,1)
(550,1)
(430,8)
(551,2)
(310,3)
(431,1)
(552,3)
(311,5)
(553,3)
(312,3)
(554,6)
(433,11)
(675,1)
(434,36)
(435,2)
(314,5)
(556,3)
(557,2)
(437,4)
(316,6)
(679,2)
(438,24)
(559,3)
(317,2)
(318,5)
(319,1)
(560,5)
(681,2)
(440,17)
(320,15)
(441,5)
(562,5)
(683,1)
(321,11)
(563,1)
(200,1)
(684,1)
(322,7)
(201,6)
(564,1)
(685,2)
(323,8)
(444,5)
(565,1)
(324,3)
(566,6)
(446,3)
(204,5)
(325,1)
(447,9)
(568,4)
(327,7)
(448,11)
(206,1)
(569,10)
(328,3)
(207,3)
(208,1)
(329,20)
(209,23)
(690,1)
(570,1)
(691,1)
(450,18)
(451,4)
(330,2)
(572,1)
(210,13)
(331,3)
(452,8)
(573,1)
(211,36)
(695,15)
(212,27)
(333,7)
(454,2)
(334,4)
(213,12)
(455,7)
(214,7)
(335,7)
(456,1)
(577,3)
(698,3)
(215,9)
(336,12)
(457,1)
(699,2)
(216,15)
(458,9)
(579,3)
(337,5)
(338,14)
(217,7)
(459,1)
(218,9)
(339,5)
(219,1)
(580,1)
(581,8)
(460,8)
(340,20)
(461,9)
(582,1)
(220,2)
(341,8)
(462,6)
(100,5)
(342,1)
(221,2)
(222,8)
(101,4)
(464,6)
(585,1)
(343,3)
(102,6)
(223,5)
(465,2)
(344,6)
(103,16)
(466,9)
(345,4)
(467,7)
(104,7)
(346,6)
(225,3)
(105,32)
(226,7)
(589,6)
(106,26)
(469,1)
(227,1)
(107,42)
(349,3)
(108,9)
(229,4)
(109,2)
(590,1)
(470,4)
(591,2)
(471,3)
(350,1)
(592,2)
(230,5)
(351,14)
(593,3)
(231,7)
(473,8)
(352,2)
(232,19)
(353,8)
(474,19)
(233,29)
(354,2)
(596,1)
(112,1)
(113,30)
(355,6)
(234,8)
(476,2)
(114,43)
(356,5)
(477,3)
(235,2)
(598,1)
(115,36)
(236,11)
(357,12)
(478,3)
(116,14)
(237,1)
(117,2)
(359,12)
(238,9)
(118,2)
(10,7)
(11,11)
(12,12)
(13,33)
(14,26)
(15,8)
(16,4)
(17,33)
(18,7)
(19,15)
(480,4)
(481,5)
(360,1)
(482,8)
(240,3)
(361,9)
(362,15)
(483,6)
(120,2)
(241,1)
(363,27)
(121,18)
(484,5)
(242,2)
(122,6)
(243,3)
(485,3)
(364,2)
(123,10)
(244,6)
(486,10)
(365,1)
(124,3)
(245,8)
(366,9)
(487,1)
(246,2)
(125,2)
(367,10)
(126,2)
(489,5)
(247,2)
(368,2)
(127,7)
(248,4)
(249,29)
(128,20)
(129,53)
(20,10)
(21,29)
(22,4)
(23,25)
(24,3)
(25,4)
(26,5)
(27,26)
(28,14)
(29,25)
(490,5)
(491,5)
(370,10)
(250,7)
(371,13)
(492,3)
(251,10)
(372,11)
(493,15)
(130,1)
(131,7)
(252,25)
(494,10)
(373,2)
(374,3)
(132,12)
(253,1)
(495,25)
(133,28)
(254,13)
(375,24)
(496,7)
(134,9)
(376,6)
(255,5)
(497,2)
(135,6)
(377,36)
(498,5)
(256,5)
(136,14)
(257,2)
(499,15)
(378,4)
(137,18)
(258,10)
(379,10)
(259,5)
(138,4)
(139,16)
(30,8)
(31,3)
(32,6)
(33,3)
(34,6)
(35,10)
(36,6)
(37,9)
(38,10)
(39,3)
(380,12)
(260,7)
(381,6)
(140,15)
(261,1)
(141,16)
(262,5)
(383,1)
(263,24)
(142,15)
(143,9)
(264,11)
(385,5)
(144,4)
(265,5)
(145,10)
(387,4)
(146,5)
(267,7)
(388,2)
(147,10)
(268,6)
(389,4)
(148,4)
(269,25)
(149,4)
(40,27)
(41,44)
(42,32)
(43,8)
(44,11)
(45,9)
(46,23)
(47,11)
(48,24)
(49,6)
(390,7)
(270,1)
(391,1)
(150,8)
(271,6)
(151,4)
(393,44)
(272,7)
(152,6)
(394,12)
(273,4)
(153,4)
(395,7)
(274,3)
(154,6)
(275,10)
(155,13)
(397,7)
(156,2)
(277,2)
(157,25)
(278,5)
(158,10)
(279,2)
(159,15)
(50,5)
(51,16)
(52,7)
(53,5)
(54,9)
(55,12)
(56,15)
(57,6)
(58,32)
(59,10)
(280,22)
(160,53)
(281,10)
(282,28)
(161,3)
(162,6)
(283,21)
(284,12)
(163,1)
(164,10)
(285,17)
(165,40)
(286,12)
(287,4)
(166,4)
(167,12)
(288,9)
(168,10)
(169,17)
(60,9)
(61,17)
(62,71)
(63,35)
(64,24)
(65,11)
(66,1)
(67,1)
(68,7)
(69,18)
(290,13)
(170,22)
(291,2)
(171,4)
(292,3)
(293,1)
(172,9)
(173,11)
(294,2)
(174,23)
(295,41)
(175,8)
(296,14)
(176,5)
(297,2)
(298,3)
(177,10)
(178,13)
(299,2)
(179,11)
(70,4)
(71,12)
(72,5)
(73,9)
(74,28)
(75,8)
(76,3)
(77,2)
(79,7)
(180,27)
(181,17)
(182,2)
(183,26)
(184,10)
(185,5)
(186,5)
(187,6)
(188,20)
(189,3)
(80,13)
(81,18)
(82,21)
(83,24)
(84,23)
(85,6)
(86,44)
(87,15)
(88,3)
(89,9)
(190,8)
(191,30)
(192,7)
(193,3)
(194,10)
(195,9)
(196,18)
(197,3)
(198,2)
(199,17)
(90,9)
(91,10)
(92,8)
(93,3)
(94,4)
(95,18)
(96,31)
(97,8)
(98,3)
(99,8)
(0,10)
(2,10)
(3,5)
(4,13)
(5,29)
(6,23)
(7,20)
(8,4)
(800,2)
(9,6)
(802,4)
(803,2)
(808,1)
(809,8)
(810,2)
(813,2)
(814,1)
(815,2)
(700,1)
(707,3)
(713,1)
(714,2)
(715,1)
(720,9)
(600,1)
(723,1)
(602,2)
(725,2)
(726,9)
(727,1)
(728,2)
(608,3)
(609,2)
(730,3)
(731,1)
(610,6)
(732,1)
(611,2)
(612,6)
(733,2)
(734,2)
(613,1)
(614,1)
(736,1)
(615,5)
(737,1)
(738,11)
(618,1)
(619,1)
(741,1)
(620,1)
(621,3)
(743,4)
(744,1)
(502,13)
(623,1)
(745,4)
(624,1)
(746,1)
(504,8)
(747,2)
(506,15)
(748,9)
(627,2)
(507,1)
(750,1)
(751,2)
(510,2)
(511,1)
(632,2)
(753,2)
(754,10)
(512,1)
(755,1)
(513,6)
(756,2)
(515,10)
(516,6)
(638,1)
(759,1)
(517,2)
(518,10)
(639,1)
(760,2)
(640,3)
(520,16)
(641,5)
(400,6)
(763,1)
(642,2)
(521,1)
(401,14)
(643,1)
(644,3)
(523,2)
(645,3)
(403,3)
(766,1)
(525,7)
(404,10)
(526,12)
(647,1)
(405,44)
(406,14)
(407,10)
(528,3)
(408,8)
(529,6)
(409,26)
(530,4)
(772,1)
(531,8)
(410,3)
(773,2)
(652,1)
(411,15)
(532,1)
(533,10)
(412,5)
(654,1)
(655,3)
(413,2)
(776,3)
(535,6)
(414,1)
(415,2)
(778,1)
(536,1)
(537,3)
(417,10)
(538,4)
(418,5)
(419,14)
(661,7)
(540,1)
(420,17)
(662,3)
(783,2)
(541,5)
(421,3)
(663,1)
(300,8)
(542,1)
(543,3)
(301,12)
(665,8)
(423,5)
(544,2)
(786,2)
(424,22)
(545,3)
(303,6)
(666,6)
(667,1)
(546,6)
(304,5)
(788,2)
(425,1)
(547,8)
(305,12)
(426,10)
(306,5)
(427,7)
(548,12)
(549,15)
(307,5)
(428,6)
(308,5)
(429,6)
(309,7)
(790,1)
(791,1)
(550,5)
(671,2)
(430,9)
(551,3)
(672,1)
(793,1)
(310,5)
(552,8)
(431,2)
(673,2)
(432,1)
(311,3)
(674,5)
(553,1)
(312,4)
(433,2)
(554,3)
(434,50)
(797,2)
(555,1)
(313,1)
(556,1)
(314,13)
(435,3)
(798,1)
(557,3)
(678,2)
(799,1)
(316,2)
(437,3)
(679,2)
(438,10)
(317,2)
(559,1)
(318,21)
(560,11)
(681,9)
(440,9)
(320,4)
(441,9)
(562,4)
(321,7)
(200,9)
(563,4)
(685,12)
(322,6)
(201,10)
(565,1)
(686,2)
(323,8)
(444,6)
(566,8)
(324,5)
(445,2)
(325,5)
(567,1)
(568,6)
(326,3)
(205,2)
(447,6)
(689,1)
(448,4)
(569,12)
(327,3)
(206,5)
(207,2)
(328,6)
(329,25)
(208,1)
(209,6)
(690,5)
(570,9)
(450,20)
(451,1)
(330,1)
(572,3)
(210,14)
(573,2)
(452,8)
(331,12)
(211,24)
(453,3)
(332,3)
(695,5)
(333,16)
(212,50)
(454,1)
(455,11)
(213,8)
(334,4)
(697,1)
(214,9)
(698,5)
(335,3)
(577,3)
(215,21)
(336,2)
(457,1)
(699,1)
(458,7)
(337,9)
(579,1)
(216,2)
(338,15)
(217,10)
(459,4)
(339,27)
(218,29)
(460,5)
(461,8)
(340,13)
(582,2)
(462,7)
(100,7)
(463,1)
(221,7)
(342,5)
(464,7)
(101,6)
(222,4)
(343,2)
(585,1)
(102,5)
(223,14)
(344,2)
(587,2)
(466,10)
(345,8)
(103,4)
(224,1)
(588,4)
(104,3)
(346,5)
(467,2)
(225,7)
(105,24)
(589,6)
(226,15)
(347,1)
(469,3)
(106,20)
(348,1)
(107,35)
(349,2)
(108,21)
(229,11)
(109,1)
(590,6)
(470,2)
(350,6)
(592,21)
(471,1)
(351,20)
(593,2)
(230,2)
(231,15)
(110,2)
(473,10)
(352,11)
(474,22)
(232,6)
(353,12)
(112,5)
(354,1)
(233,23)
(113,13)
(355,6)
(234,14)
(597,3)
(114,29)
(235,3)
(356,9)
(477,1)
(357,11)
(236,8)
(115,16)
(478,22)
(116,30)
(358,20)
(237,13)
(117,5)
(238,8)
(359,10)
(118,2)
(10,7)
(11,19)
(12,13)
(13,21)
(14,15)
(15,9)
(16,13)
(17,10)
(18,6)
(19,12)
(480,4)
(481,13)
(360,10)
(361,10)
(482,7)
(240,1)
(241,2)
(362,4)
(483,2)
(121,54)
(242,6)
(484,2)
(363,7)
(485,6)
(243,6)
(122,6)
(123,6)
(486,3)
(244,3)
(366,12)
(124,9)
(487,1)
(245,6)
(367,15)
(125,3)
(246,3)
(126,2)
(489,11)
(247,3)
(368,1)
(248,2)
(369,6)
(127,4)
(128,24)
(249,23)
(129,14)
(20,13)
(21,39)
(22,7)
(23,3)
(24,10)
(25,4)
(26,3)
(27,1)
(28,15)
(29,7)
(490,2)
(491,7)
(370,14)
(371,12)
(492,5)
(250,10)
(251,8)
(493,27)
(372,1)
(494,16)
(373,10)
(131,6)
(132,12)
(495,14)
(253,2)
(133,17)
(254,59)
(496,2)
(375,7)
(376,8)
(255,3)
(497,4)
(134,3)
(377,50)
(135,6)
(256,10)
(498,19)
(136,2)
(378,1)
(499,8)
(257,3)
(379,31)
(258,21)
(137,12)
(259,6)
(138,5)
(139,4)
(30,5)
(31,8)
(32,2)
(33,1)
(34,2)
(35,20)
(36,4)
(37,15)
(38,6)
(39,3)
(380,11)
(260,4)
(381,4)
(140,7)
(261,6)
(141,15)
(262,2)
(142,17)
(263,4)
(143,11)
(385,5)
(264,7)
(265,9)
(144,2)
(145,7)
(266,12)
(387,3)
(146,5)
(267,3)
(388,2)
(147,22)
(268,4)
(389,6)
(148,3)
(269,6)
(149,2)
(40,6)
(41,22)
(42,3)
(44,28)
(45,6)
(46,11)
(47,5)
(48,15)
(49,1)
(390,5)
(270,2)
(271,4)
(392,3)
(150,1)
(393,9)
(151,10)
(272,8)
(394,4)
(152,10)
(273,2)
(153,6)
(395,4)
(274,2)
(154,4)
(275,3)
(155,14)
(397,11)
(156,5)
(277,4)
(278,8)
(399,3)
(157,6)
(279,1)
(158,12)
(159,4)
(50,4)
(51,3)
(54,10)
(55,1)
(56,6)
(57,14)
(58,32)
(59,5)
(280,8)
(160,71)
(281,12)
(282,36)
(161,9)
(283,44)
(162,10)
(284,10)
(163,16)
(285,18)
(164,12)
(165,15)
(286,7)
(166,14)
(287,1)
(167,8)
(288,12)
(168,21)
(169,24)
(60,13)
(61,6)
(62,39)
(63,23)
(64,22)
(65,9)
(66,4)
(67,2)
(68,11)
(69,13)
(290,16)
(170,14)
(291,1)
(171,5)
(292,5)
(172,28)
(293,4)
(173,22)
(294,6)
(295,7)
(174,12)
(175,1)
(296,3)
(176,7)
(297,2)
(298,1)
(177,7)
(178,5)
(299,3)
(179,6)
(70,3)
(71,1)
(72,1)
(73,1)
(74,21)
(75,2)
(76,8)
(77,8)
(79,5)
(180,19)
(181,16)
(182,5)
(183,35)
(184,15)
(185,17)
(186,1)
(187,16)
(188,1)
(189,26)
(80,12)
(81,19)
(82,76)
(83,33)
(84,19)
(85,6)
(86,25)
(87,28)
(88,4)
(89,12)
(190,6)
(191,5)
(192,2)
(193,2)
(194,5)
(195,3)
(196,1)
(197,3)
(198,4)
(199,7)
(90,4)
(91,7)
(92,10)
(93,8)
(94,4)
(95,3)
(96,8)
(97,9)
(98,6)
(99,5)
(0,14)
(2,18)
(3,8)
(4,16)
(5,34)
(6,15)
(7,17)
(8,11)
(9,8)
(803,3)
(806,4)
(809,16)
(810,8)
(811,2)
(813,22)
(814,2)
(815,14)
(816,5)
(817,1)
(818,4)
(820,56)
(821,1)
(700,7)
(822,6)
(823,2)
(824,1)
(825,1)
(826,12)
(705,1)
(706,2)
(707,5)
(828,10)
(829,2)
(708,3)
(832,11)
(833,1)
(714,3)
(835,1)
(836,1)
(837,1)
(839,1)
(719,2)
(720,7)
(841,2)
(721,2)
(600,2)
(601,2)
(843,1)
(602,8)
(723,3)
(844,1)
(845,4)
(725,1)
(846,1)
(847,6)
(607,2)
(608,10)
(730,3)
(851,5)
(610,5)
(733,5)
(612,2)
(855,1)
(856,4)
(615,9)
(616,1)
(858,1)
(738,8)
(859,2)
(618,2)
(740,1)
(741,2)
(621,3)
(742,2)
(500,8)
(863,1)
(502,4)
(623,1)
(865,2)
(745,1)
(504,6)
(747,6)
(748,7)
(627,5)
(506,4)
(508,5)
(751,1)
(510,3)
(511,3)
(754,2)
(513,1)
(756,6)
(515,5)
(757,1)
(516,1)
(517,2)
(638,2)
(518,8)
(519,15)
(640,3)
(520,9)
(400,8)
(521,2)
(642,1)
(522,2)
(401,5)
(643,1)
(523,7)
(644,4)
(403,1)
(404,7)
(525,4)
(405,10)
(647,4)
(526,9)
(768,3)
(527,1)
(406,1)
(528,1)
(649,2)
(408,8)
(529,5)
(409,9)
(651,5)
(530,2)
(531,12)
(410,2)
(411,11)
(412,21)
(533,16)
(654,1)
(655,10)
(413,1)
(776,6)
(414,2)
(777,4)
(536,3)
(778,1)
(537,3)
(538,1)
(417,7)
(418,2)
(539,1)
(419,8)
(540,2)
(661,11)
(420,20)
(783,2)
(662,5)
(300,16)
(542,2)
(663,2)
(421,3)
(784,1)
(301,17)
(422,5)
(543,11)
(664,4)
(423,6)
(302,6)
(786,3)
(665,5)
(544,4)
(424,40)
(303,26)
(666,3)
(545,6)
(667,4)
(304,5)
(546,14)
(425,4)
(305,12)
(426,15)
(547,4)
(789,1)
(548,5)
(306,6)
(427,12)
(307,7)
(428,1)
(549,4)
(308,6)
(429,6)
(309,1)
(671,1)
(550,1)
(430,7)
(672,1)
(551,1)
(793,1)
(310,6)
(431,2)
(552,3)
(311,2)
(553,1)
(674,4)
(312,5)
(433,2)
(434,45)
(555,2)
(797,1)
(313,3)
(314,18)
(435,4)
(678,3)
(557,5)
(799,1)
(437,6)
(316,4)
(679,3)
(558,2)
(438,19)
(559,2)
(317,12)
(318,5)
(560,8)
(681,3)
(440,23)
(441,15)
(320,12)
(562,4)
(442,4)
(321,4)
(563,3)
(200,2)
(685,11)
(201,21)
(564,8)
(322,4)
(443,30)
(565,4)
(323,9)
(686,4)
(444,3)
(202,1)
(445,4)
(325,3)
(204,1)
(567,1)
(446,3)
(447,4)
(326,5)
(568,6)
(689,1)
(205,2)
(569,6)
(206,27)
(327,9)
(448,4)
(328,6)
(207,3)
(329,15)
(208,2)
(209,11)
(690,2)
(570,4)
(450,13)
(692,2)
(572,3)
(451,2)
(210,10)
(452,7)
(331,4)
(694,3)
(573,4)
(211,36)
(453,8)
(332,13)
(695,2)
(333,37)
(454,1)
(212,2)
(696,1)
(455,16)
(213,4)
(334,2)
(697,1)
(214,12)
(335,4)
(577,2)
(698,2)
(215,17)
(457,5)
(336,4)
(699,3)
(337,6)
(579,5)
(216,4)
(458,6)
(459,11)
(338,8)
(218,4)
(339,7)
(219,1)
(460,14)
(581,1)
(340,16)
(461,2)
(582,1)
(220,5)
(342,24)
(221,21)
(463,1)
(100,13)
(585,3)
(222,21)
(101,4)
(464,6)
(343,1)
(223,15)
(102,4)
(344,3)
(345,4)
(224,4)
(587,2)
(466,3)
(103,6)
(104,2)
(467,4)
(346,4)
(225,4)
(588,3)
(105,18)
(226,8)
(106,21)
(469,2)
(107,32)
(349,11)
(229,8)
(108,1)
(590,1)
(591,3)
(350,6)
(592,2)
(471,1)
(593,11)
(351,6)
(230,3)
(473,6)
(231,11)
(232,4)
(474,4)
(111,1)
(353,1)
(233,2)
(354,1)
(596,2)
(597,3)
(355,15)
(113,5)
(234,8)
(598,4)
(356,8)
(235,2)
(114,17)
(477,1)
(115,28)
(357,12)
(236,7)
(478,4)
(599,9)
(358,9)
(237,1)
(116,9)
(359,3)
(238,5)
(117,1)
(118,4)
(10,5)
(11,17)
(12,6)
(13,45)
(14,9)
(15,14)
(16,14)
(17,35)
(18,11)
(19,8)
(480,14)
(481,8)
(360,2)
(361,10)
(482,14)
(240,2)
(241,8)
(120,2)
(362,9)
(483,6)
(363,6)
(121,57)
(484,2)
(242,4)
(485,5)
(122,3)
(243,5)
(365,1)
(486,8)
(123,2)
(244,2)
(366,29)
(245,16)
(124,14)
(487,5)
(367,11)
(125,11)
(246,1)
(368,16)
(489,8)
(126,7)
(247,3)
(248,6)
(127,2)
(249,48)
(128,26)
(129,27)
(20,12)
(21,25)
(22,1)
(23,12)
(24,3)
(25,6)
(26,4)
(27,4)
(28,23)
(29,6)
(490,3)
(370,10)
(491,3)
(371,14)
(250,2)
(492,6)
(493,18)
(251,6)
(372,2)
(494,19)
(131,5)
(373,5)
(495,18)
(374,15)
(132,11)
(253,20)
(254,2)
(133,14)
(496,3)
(375,5)
(376,11)
(497,2)
(134,5)
(255,25)
(498,24)
(135,5)
(256,10)
(377,7)
(499,6)
(257,5)
(378,1)
(136,1)
(137,17)
(379,1)
(258,6)
(259,6)
(138,6)
(139,2)
(30,11)
(31,13)
(32,2)
(33,1)
(34,15)
(35,5)
(36,2)
(37,4)
(38,3)
(39,3)
(380,1)
(381,5)
(260,2)
(261,12)
(140,4)
(141,12)
(262,7)
(142,20)
(263,1)
(143,9)
(385,4)
(264,7)
(265,9)
(144,2)
(145,15)
(387,2)
(266,6)
(146,4)
(388,7)
(389,9)
(268,3)
(147,2)
(269,8)
(148,6)
(149,10)
(40,4)
(41,3)
(44,12)
(45,6)
(46,6)
(47,7)
(48,2)
(390,5)
(270,2)
(391,4)
(271,7)
(150,1)
(392,2)
(272,9)
(151,5)
(393,8)
(394,5)
(273,16)
(152,8)
(153,7)
(395,4)
(274,2)
(154,3)
(275,2)
(397,3)
(155,14)
(276,1)
(277,5)
(156,2)
(157,34)
(278,15)
(399,4)
(158,10)
(279,1)
(159,8)
(50,1)
(51,10)
(52,6)
(53,7)
(54,14)
(55,7)
(56,4)
(57,15)
(58,27)
(59,15)
(280,23)
(160,109)
(281,13)
(282,14)
(161,6)
(283,13)
(162,7)
(163,4)
(284,7)
(285,15)
(164,5)
(165,21)
(286,5)
(287,3)
(166,25)
(167,13)
(288,5)
(168,10)
(169,15)
(60,6)
(61,9)
(62,42)
(63,23)
(64,25)
(65,9)
(66,1)
(67,2)
(68,11)
(69,12)
(290,16)
(170,15)
(291,5)
(171,4)
(292,5)
(293,7)
(172,10)
(173,10)
(294,2)
(174,6)
(295,7)
(296,1)
(176,4)
(297,3)
(298,5)
(177,7)
(178,2)
(299,3)
(179,8)
(70,2)
(73,13)
(74,18)
(75,1)
(76,1)
(77,4)
(79,14)
(180,3)
(181,6)
(182,32)
(183,51)
(184,10)
(186,3)
(187,10)
(188,4)
(189,1)
(80,9)
(81,23)
(82,55)
(83,13)
(84,34)
(85,5)
(86,20)
(87,40)
(88,2)
(89,10)
(190,5)
(191,7)
(192,7)
(193,4)
(194,9)
(195,14)
(196,1)
(197,5)
(198,23)
(199,11)
(90,4)
(91,4)
(92,8)
(93,15)
(94,11)
(95,7)
(96,20)
(97,2)
(98,4)
(99,1)
(907,3)
(908,1)
(909,2)
(912,2)
(0,5)
(2,16)
(3,11)
(4,25)
(5,26)
(6,28)
(7,6)
(8,3)
(800,1)
(9,12)
(802,2)
(803,6)
(806,2)
(809,13)
(810,3)
(811,1)
(812,33)
(814,1)
(815,2)
(816,1)
(817,2)
(818,4)
(820,37)
(700,3)
(823,4)
(826,3)
(706,2)
(707,5)
(828,12)
(708,7)
(710,2)
(832,7)
(833,1)
(713,1)
(714,3)
(715,1)
(837,1)
(717,2)
(719,8)
(840,6)
(841,4)
(720,3)
(600,2)
(601,5)
(602,3)
(723,1)
(845,11)
(846,1)
(726,3)
(847,5)
(727,2)
(728,2)
(607,3)
(608,3)
(609,1)
(730,4)
(851,5)
(610,1)
(852,2)
(611,10)
(612,7)
(733,3)
(855,2)
(613,2)
(856,23)
(735,1)
(615,25)
(616,2)
(859,19)
(738,5)
(618,1)
(619,4)
(860,13)
(500,3)
(621,1)
(865,8)
(623,2)
(866,1)
(504,14)
(747,15)
(506,11)
(869,4)
(627,3)
(748,4)
(507,2)
(508,4)
(509,15)
(872,3)
(510,2)
(511,3)
(753,2)
(875,1)
(512,3)
(754,3)
(513,10)
(514,2)
(756,6)
(877,1)
(515,6)
(878,3)
(758,1)
(516,1)
(879,1)
(638,1)
(518,8)
(880,12)
(760,1)
(640,2)
(520,7)
(641,5)
(883,2)
(400,9)
(884,1)
(642,2)
(401,15)
(885,4)
(643,1)
(886,6)
(765,2)
(523,1)
(887,4)
(404,14)
(525,4)
(526,13)
(405,39)
(768,3)
(889,3)
(647,2)
(527,1)
(407,3)
(528,3)
(649,1)
(529,5)
(408,11)
(409,23)
(890,1)
(891,2)
(892,14)
(530,1)
(651,3)
(652,2)
(531,5)
(411,22)
(895,2)
(412,18)
(533,73)
(896,16)
(654,2)
(413,13)
(776,5)
(655,4)
(777,5)
(535,1)
(414,1)
(898,3)
(536,4)
(415,1)
(537,18)
(779,1)
(538,2)
(417,13)
(418,3)
(419,39)
(661,8)
(540,1)
(420,15)
(662,3)
(541,6)
(421,5)
(300,26)
(663,1)
(422,8)
(543,5)
(301,15)
(665,2)
(302,6)
(786,1)
(423,5)
(544,4)
(424,22)
(303,15)
(666,4)
(545,1)
(546,25)
(425,22)
(304,2)
(667,2)
(426,20)
(305,7)
(547,1)
(427,7)
(306,22)
(669,2)
(548,1)
(549,33)
(428,7)
(307,3)
(308,9)
(429,2)
(309,4)
(791,1)
(550,3)
(430,13)
(793,1)
(551,4)
(672,1)
(310,4)
(552,9)
(431,4)
(311,3)
(674,5)
(553,1)
(312,3)
(433,3)
(434,19)
(797,2)
(314,5)
(556,2)
(557,4)
(799,1)
(678,3)
(316,8)
(437,3)
(438,15)
(559,2)
(318,11)
(681,2)
(560,10)
(440,4)
(320,6)
(562,5)
(563,5)
(200,4)
(442,5)
(321,7)
(443,8)
(322,5)
(201,11)
(685,11)
(564,24)
(444,12)
(323,1)
(686,1)
(565,1)
(324,2)
(446,10)
(325,2)
(204,8)
(205,5)
(326,5)
(447,5)
(568,2)
(448,10)
(206,12)
(327,6)
(569,3)
(207,2)
(329,5)
(208,5)
(209,22)
(690,2)
(570,1)
(450,11)
(451,3)
(572,2)
(330,2)
(210,10)
(452,13)
(573,4)
(211,24)
(695,3)
(332,4)
(453,4)
(696,2)
(333,21)
(454,2)
(212,2)
(455,4)
(213,5)
(698,12)
(214,3)
(335,3)
(577,1)
(456,1)
(336,3)
(215,9)
(457,10)
(699,1)
(458,10)
(337,4)
(216,1)
(459,10)
(338,2)
(218,3)
(339,6)
(581,9)
(460,3)
(340,14)
(582,3)
(461,2)
(220,1)
(462,5)
(342,12)
(221,7)
(100,8)
(101,3)
(343,6)
(222,5)
(585,1)
(464,4)
(223,7)
(465,9)
(102,4)
(344,3)
(345,1)
(466,16)
(587,4)
(103,4)
(588,6)
(104,3)
(467,2)
(346,5)
(225,1)
(105,10)
(226,5)
(589,5)
(347,12)
(106,18)
(469,2)
(348,1)
(107,58)
(349,1)
(229,4)
(108,2)
(109,1)
(590,6)
(470,9)
(350,3)
(351,7)
(230,3)
(593,3)
(473,9)
(231,15)
(352,4)
(110,2)
(232,30)
(353,9)
(474,7)
(112,1)
(354,2)
(113,9)
(597,4)
(355,10)
(234,3)
(356,6)
(598,1)
(477,1)
(114,19)
(235,9)
(115,20)
(236,4)
(478,4)
(357,3)
(599,1)
(358,14)
(116,9)
(237,3)
(479,1)
(238,6)
(359,5)
(117,2)
(118,6)
(10,6)
(11,8)
(12,11)
(13,31)
(14,15)
(15,2)
(16,9)
(17,22)
(18,6)
(19,10)
(480,5)
(481,5)
(360,2)
(482,9)
(240,6)
(361,2)
(362,18)
(483,11)
(120,3)
(241,5)
(121,76)
(242,6)
(363,1)
(243,18)
(122,1)
(485,3)
(486,34)
(244,6)
(123,4)
(366,16)
(487,2)
(245,5)
(124,2)
(125,2)
(367,10)
(246,4)
(488,5)
(247,2)
(368,6)
(126,6)
(489,4)
(127,3)
(248,1)
(249,37)
(128,21)
(129,29)
(20,10)
(21,16)
(23,13)
(24,12)
(25,3)
(26,7)
(27,8)
(28,12)
(29,5)
(490,6)
(371,10)
(250,4)
(492,1)
(372,5)
(251,7)
(493,3)
(494,25)
(373,13)
(131,5)
(252,47)
(132,15)
(253,2)
(495,2)
(254,2)
(133,5)
(375,6)
(496,2)
(255,2)
(134,2)
(376,15)
(377,11)
(256,8)
(498,22)
(135,3)
(499,5)
(257,2)
(137,11)
(258,7)
(379,7)
(138,6)
(259,4)
(139,2)
(30,21)
(31,14)
(32,4)
(33,2)
(34,2)
(35,6)
(36,7)
(37,3)
(38,6)
(39,3)
(380,6)
(381,4)
(261,6)
(140,2)
(141,12)
(262,8)
(263,19)
(142,37)
(143,8)
(264,10)
(385,1)
(265,6)
(144,2)
(387,15)
(145,14)
(266,8)
(146,9)
(388,3)
(147,5)
(389,1)
(268,4)
(269,11)
(148,3)
(149,9)
(40,6)
(41,2)
(44,12)
(45,10)
(46,5)
(47,6)
(48,6)
(49,2)
(390,4)
(391,5)
(270,1)
(271,14)
(150,8)
(392,2)
(393,6)
(272,8)
(151,5)
(152,9)
(394,5)
(273,1)
(395,6)
(154,8)
(275,3)
(397,8)
(155,5)
(276,1)
(156,2)
(277,2)
(157,4)
(278,6)
(399,1)
(158,1)
(50,1)
(51,10)
(52,6)
(53,17)
(54,9)
(55,7)
(56,11)
(57,17)
(58,18)
(59,5)
(280,24)
(160,59)
(281,4)
(282,16)
(161,5)
(283,18)
(162,9)
(284,7)
(163,1)
(164,8)
(285,11)
(165,11)
(286,6)
(166,56)
(287,6)
(288,6)
(167,16)
(168,9)
(169,34)
(60,21)
(61,27)
(62,30)
(63,23)
(64,22)
(65,32)
(66,16)
(67,1)
(68,3)
(69,10)
(290,12)
(170,11)
(291,6)
(171,11)
(292,5)
(172,19)
(293,1)
(173,11)
(294,4)
(174,13)
(295,11)
(296,1)
(176,5)
(297,1)
(177,6)
(298,2)
(178,7)
(299,5)
(179,8)
(70,1)
(71,1)
(73,4)
(74,6)
(75,4)
(76,2)
(79,4)
(180,6)
(181,7)
(182,3)
(183,25)
(184,13)
(186,6)
(187,7)
(188,6)
(189,6)
(80,14)
(81,15)
(82,40)
(83,32)
(84,47)
(85,3)
(86,51)
(87,17)
(88,7)
(89,14)
(190,6)
(191,10)
(192,2)
(193,4)
(194,5)
(195,5)
(196,1)
(197,4)
(198,5)
(199,4)
(90,3)
(91,5)
(92,8)
(93,13)
(94,6)
(95,5)
(96,40)
(97,4)
(98,2)
(900,1)
(901,1)
(902,1)
(903,1)
(905,8)
(906,2)
(907,7)
(908,22)
(909,3)
(912,2)
(913,13)
(914,15)
(917,23)
(918,21)
(919,5)
(0,5)
(2,8)
(3,17)
(4,14)
(5,39)
(6,22)
(7,6)
(920,1)
(921,9)
(8,3)
(800,1)
(9,3)
(922,18)
(923,2)
(924,6)
(803,1)
(925,7)
(926,12)
(927,11)
(929,11)
(809,6)
(930,12)
(931,14)
(810,3)
(932,84)
(811,2)
(812,21)
(933,16)
(935,2)
(936,23)
(816,4)
(937,5)
(938,1)
(939,3)
(818,1)
(820,25)
(941,1)
(700,5)
(942,1)
(821,1)
(943,1)
(822,11)
(823,13)
(944,1)
(945,2)
(825,1)
(826,3)
(947,6)
(707,6)
(949,21)
(708,2)
(829,1)
(950,9)
(951,8)
(710,10)
(952,7)
(832,4)
(953,8)
(833,2)
(954,3)
(955,3)
(956,7)
(957,9)
(836,1)
(716,1)
(958,1)
(838,1)
(717,1)
(719,2)
(840,5)
(720,2)
(841,2)
(962,1)
(963,40)
(601,4)
(723,3)
(602,2)
(845,13)
(847,7)
(726,3)
(969,2)
(849,1)
(607,10)
(608,4)
(970,5)
(971,94)
(851,4)
(730,3)
(610,2)
(611,4)
(974,5)
(612,7)
(733,1)
(976,25)
(613,3)
(856,28)
(614,1)
(977,1)
(615,11)
(736,1)
(978,3)
(979,6)
(737,1)
(738,2)
(859,41)
(619,1)
(980,10)
(860,3)
(981,25)
(982,1)
(500,2)
(742,1)
(621,5)
(501,1)
(503,3)
(504,4)
(747,12)
(989,2)
(506,11)
(748,6)
(627,2)
(508,9)
(509,23)
(990,2)
(991,3)
(992,2)
(872,6)
(510,3)
(753,7)
(511,3)
(995,1)
(754,4)
(996,1)
(513,10)
(877,2)
(756,8)
(515,2)
(999,1)
(516,1)
(758,1)
(638,1)
(518,12)
(880,9)
(640,1)
(883,6)
(641,5)
(520,6)
(400,5)
(642,2)
(521,2)
(763,1)
(401,1)
(644,5)
(765,8)
(523,2)
(886,4)
(403,2)
(404,16)
(525,8)
(768,4)
(526,4)
(405,13)
(406,2)
(527,1)
(407,1)
(649,4)
(408,12)
(529,6)
(409,16)
(892,3)
(651,3)
(531,7)
(410,1)
(652,3)
(411,38)
(895,1)
(412,11)
(533,21)
(896,10)
(776,5)
(655,4)
(414,1)
(777,5)
(536,1)
(537,15)
(417,6)
(418,4)
(419,16)
(661,6)
(540,2)
(420,17)
(783,4)
(662,1)
(541,3)
(300,14)
(542,1)
(421,2)
(301,29)
(543,7)
(422,20)
(665,1)
(423,15)
(786,1)
(544,5)
(303,19)
(424,13)
(666,3)
(545,1)
(546,26)
(304,7)
(425,1)
(667,1)
(426,5)
(305,10)
(547,3)
(548,9)
(427,9)
(306,3)
(669,1)
(549,10)
(307,5)
(428,1)
(429,3)
(309,20)
(671,6)
(550,4)
(430,7)
(551,6)
(672,1)
(310,5)
(552,3)
(431,2)
(674,5)
(311,10)
(553,1)
(312,4)
(433,1)
(434,7)
(313,1)
(314,6)
(435,4)
(556,1)
(678,3)
(557,1)
(437,15)
(679,2)
(316,3)
(558,1)
(438,9)
(317,2)
(318,3)
(681,1)
(560,6)
(440,10)
(562,9)
(320,5)
(441,1)
(200,6)
(321,12)
(563,7)
(442,1)
(685,9)
(201,2)
(443,7)
(322,2)
(323,4)
(445,12)
(324,1)
(204,6)
(325,3)
(446,3)
(326,8)
(568,4)
(205,3)
(447,2)
(206,9)
(327,3)
(448,7)
(569,3)
(207,3)
(329,10)
(209,17)
(690,7)
(570,1)
(450,6)
(572,6)
(451,2)
(330,1)
(573,6)
(210,17)
(694,1)
(452,2)
(331,1)
(332,3)
(211,25)
(453,10)
(454,1)
(333,43)
(696,1)
(212,20)
(334,5)
(455,15)
(213,3)
(577,3)
(214,5)
(335,3)
(698,4)
(456,1)
(215,13)
(699,5)
(457,4)
(336,1)
(337,6)
(579,4)
(458,6)
(216,2)
(459,16)
(338,8)
(218,9)
(339,4)
(460,4)
(581,8)
(582,7)
(461,3)
(340,9)
(220,2)
(462,1)
(342,24)
(221,5)
(100,5)
(585,1)
(101,4)
(222,8)
(464,11)
(343,3)
(344,2)
(465,3)
(102,1)
(223,4)
(103,2)
(345,3)
(466,5)
(224,4)
(588,1)
(104,1)
(467,3)
(346,4)
(225,5)
(226,11)
(105,32)
(589,3)
(106,15)
(469,4)
(107,34)
(228,1)
(349,1)
(108,4)
(590,1)
(591,2)
(470,4)
(350,2)
(592,5)
(471,5)
(230,4)
(351,1)
(593,4)
(110,2)
(231,10)
(352,2)
(473,56)
(232,19)
(474,12)
(353,7)
(354,2)
(596,3)
(112,1)
(234,10)
(355,6)
(113,13)
(597,2)
(235,4)
(114,18)
(598,1)
(356,2)
(477,1)
(357,2)
(115,10)
(236,5)
(599,2)
(478,2)
(116,5)
(237,7)
(358,5)
(238,11)
(117,3)
(359,2)
(118,14)
(119,1)
(10,9)
(11,17)
(12,7)
(13,38)
(14,7)
(15,4)
(16,7)
(17,6)
(18,11)
(19,11)
(480,6)
(481,9)
(360,2)
(482,1)
(240,4)
(120,6)
(362,3)
(483,7)
(121,12)
(363,3)
(484,8)
(242,4)
(122,4)
(485,3)
(243,10)
(486,4)
(123,5)
(244,2)
(366,13)
(124,7)
(487,4)
(245,1)
(367,17)
(125,6)
(488,5)
(246,5)
(368,9)
(489,3)
(126,8)
(127,4)
(248,3)
(128,16)
(249,17)
(129,12)
(20,8)
(21,20)
(22,2)
(23,9)
(24,9)
(25,1)
(26,4)
(27,5)
(28,13)
(29,3)
(490,4)
(491,1)
(371,15)
(492,9)
(372,4)
(251,2)
(493,6)
(252,38)
(494,23)
(131,27)
(373,7)
(495,8)
(253,10)
(132,6)
(375,15)
(254,6)
(133,25)
(496,3)
(376,4)
(255,10)
(497,3)
(134,1)
(377,27)
(256,17)
(498,14)
(135,2)
(378,3)
(499,6)
(257,2)
(379,3)
(258,6)
(137,9)
(259,4)
(138,9)
(139,4)
(30,12)
(31,5)
(32,7)
(33,12)
(34,1)
(35,3)
(36,1)
(37,1)
(38,16)
(39,4)
(380,2)
(381,8)
(260,5)
(140,3)
(261,6)
(141,12)
(262,1)
(142,29)
(263,8)
(143,4)
(265,6)
(145,13)
(266,2)
(387,13)
(388,3)
(146,3)
(389,10)
(147,6)
(268,12)
(269,13)
(149,1)
(40,10)
(41,3)
(42,28)
(44,18)
(45,5)
(46,3)
(47,7)
(48,4)
(49,1)
(390,23)
(270,1)
(391,1)
(271,24)
(150,5)
(392,2)
(272,6)
(151,6)
(393,7)
(394,3)
(273,2)
(152,12)
(395,6)
(153,29)
(274,1)
(154,15)
(275,14)
(396,1)
(155,16)
(156,5)
(277,3)
(157,1)
(278,4)
(158,7)
(279,3)
(159,5)
(51,8)
(52,2)
(53,2)
(54,5)
(55,8)
(56,4)
(57,8)
(58,6)
(59,8)
(280,17)
(160,36)
(281,18)
(161,3)
(282,23)
(283,20)
(162,8)
(163,18)
(284,4)
(164,6)
(285,13)
(165,12)
(286,5)
(166,11)
(287,1)
(167,15)
(168,7)
(169,14)
(60,3)
(61,4)
(62,2)
(63,10)
(64,19)
(65,22)
(66,3)
(67,1)
(68,4)
(69,7)
(290,8)
(291,9)
(170,18)
(292,5)
(171,4)
(172,6)
(293,4)
(173,12)
(294,4)
(295,11)
(174,4)
(296,2)
(297,5)
(176,10)
(177,14)
(298,3)
(299,3)
(178,2)
(179,5)
(70,2)
(73,2)
(74,8)
(75,3)
(76,1)
(77,3)
(79,5)
(180,13)
(181,6)
(182,2)
(183,22)
(184,13)
(186,4)
(187,9)
(188,2)
(189,2)
(80,8)
(81,14)
(82,35)
(83,17)
(84,6)
(85,8)
(86,56)
(87,23)
(88,4)
(89,7)
(190,1)
(191,3)
(193,10)
(194,5)
(195,2)
(196,2)
(197,8)
(198,1)
(199,6)
(90,2)
(91,1)
(92,5)
(93,35)
(94,9)
(95,6)
(96,8)
(97,1)
(98,2)
(99,5)
(900,11)
(905,1)
(906,1)
(913,1)
(914,2)
(917,3)
(918,2)
(0,1)
(2,1)
(3,2)
(4,3)
(5,3)
(6,1)
(7,6)
(8,3)
(9,1)
(922,1)
(803,3)
(925,8)
(927,1)
(929,1)
(1000,6)
(930,1)
(932,4)
(812,1)
(936,1)
(1003,1)
(820,2)
(1001,9)
(823,1)
(826,2)
(707,4)
(949,1)
(953,5)
(832,1)
(833,4)
(958,2)
(720,2)
(601,2)
(726,1)
(968,1)
(607,7)
(851,1)
(974,1)
(612,1)
(733,1)
(856,1)
(859,4)
(860,7)
(621,1)
(503,1)
(506,2)
(509,2)
(510,1)
(513,2)
(756,2)
(518,1)
(883,3)
(520,1)
(766,3)
(403,1)
(404,3)
(405,1)
(526,1)
(529,1)
(409,4)
(411,4)
(896,2)
(412,1)
(654,1)
(533,1)
(655,1)
(777,2)
(536,1)
(537,1)
(419,5)
(661,2)
(420,29)
(421,1)
(422,3)
(301,1)
(545,1)
(424,2)
(546,2)
(789,2)
(426,1)
(427,3)
(548,1)
(549,4)
(429,2)
(671,1)
(312,1)
(313,1)
(435,1)
(556,1)
(437,1)
(316,1)
(438,2)
(318,1)
(560,11)
(440,1)
(321,12)
(201,1)
(323,2)
(565,1)
(445,2)
(568,1)
(326,2)
(205,2)
(206,1)
(207,1)
(329,2)
(690,1)
(453,1)
(212,7)
(333,1)
(213,13)
(577,1)
(215,4)
(699,1)
(458,1)
(579,3)
(217,2)
(338,1)
(460,2)
(221,1)
(464,1)
(222,1)
(223,2)
(102,1)
(103,1)
(466,1)
(105,3)
(589,1)
(226,1)
(106,2)
(107,3)
(471,1)
(592,1)
(230,2)
(593,2)
(473,2)
(474,1)
(232,1)
(113,2)
(114,1)
(115,2)
(599,1)
(237,1)
(116,2)
(118,1)
(12,1)
(13,4)
(14,1)
(18,1)
(19,2)
(480,1)
(482,1)
(240,1)
(361,1)
(120,1)
(241,1)
(121,5)
(242,1)
(122,2)
(123,2)
(244,1)
(245,1)
(367,2)
(489,1)
(249,6)
(128,3)
(129,1)
(20,1)
(23,2)
(27,1)
(28,1)
(490,4)
(491,3)
(250,1)
(252,3)
(494,2)
(373,2)
(132,2)
(375,1)
(133,4)
(254,1)
(496,1)
(134,1)
(255,1)
(135,1)
(256,2)
(499,1)
(258,1)
(139,2)
(32,2)
(142,2)
(265,1)
(145,2)
(266,1)
(146,1)
(388,1)
(268,1)
(269,1)
(148,1)
(42,4)
(44,2)
(45,2)
(46,1)
(47,1)
(271,4)
(393,1)
(151,1)
(152,3)
(155,1)
(156,1)
(278,2)
(159,1)
(50,1)
(51,1)
(52,3)
(54,1)
(55,1)
(56,1)
(59,1)
(280,1)
(160,6)
(283,2)
(162,2)
(163,2)
(285,2)
(165,2)
(166,15)
(287,2)
(167,1)
(168,4)
(169,1)
(62,6)
(64,1)
(65,1)
(66,1)
(68,4)
(290,1)
(170,2)
(291,1)
(292,1)
(172,2)
(173,1)
(295,1)
(174,1)
(299,3)
(179,1)
(74,1)
(180,2)
(181,2)
(186,1)
(187,1)
(188,1)
(80,2)
(84,1)
(86,6)
(87,2)
(89,1)
(191,1)
(193,1)
(196,5)
(197,1)
(91,2)
(93,2)
(95,1)
(900,2)
