0,734
1,979
2,1001
3,971
4,1001
5,980
6,1001
7,856
8,971
9,971
10,971
11,956
12,996
13,980
14,1000
15,933
16,828
17,932
18,797
19,957
20,971
21,932
22,686
23,953
24,609
25,654
26,971
27,917
28,953
29,971
30,820
31,932
32,883
33,590
34,545
35,953
36,914
37,667
38,592
39,883
40,919
41,932
42,820
43,569
44,932
45,932
46,933
47,981
48,981
49,643
50,654
51,970
52,820
53,922
54,949
55,949
56,949
57,949
58,963
59,949
60,947
61,872
62,859
63,971
64,980
65,840
66,513
67,549
68,932
69,958
70,932
71,612
72,524
73,756
74,950
75,753
76,981
77,932
78,581
79,922
80,880
81,952
82,963
83,963
84,662
85,872
86,963
87,974
88,810
89,933
90,494
91,514
92,887
93,971
94,974
95,942
96,924
97,768
98,932
99,768
100,935
101,768
102,832
103,537
104,549
105,914
106,979
107,963
108,971
109,424
110,478
111,478
112,896
113,981
114,981
115,932
116,914
117,613
118,756
119,980
120,380
121,963
122,515
123,860
124,908
125,937
126,812
127,491
128,974
129,992
130,936
131,963
132,859
133,971
134,777
135,914
136,820
137,982
138,990
139,933
140,929
141,957
142,963
143,820
144,615
145,999
146,615
147,932
148,434
149,655
150,820
151,816
152,726
153,932
154,963
155,855
156,907
157,880
158,963
159,963
160,963
161,667
162,859
163,932
164,929
165,978
166,1000
167,936
168,936
169,932
170,979
171,981
172,847
173,932
174,971
175,685
176,611
177,905
178,539
179,971
180,932
181,947
182,872
183,956
184,971
185,800
186,856
187,671
188,971
189,941
190,971
191,907
192,832
193,1001
194,1001
195,859
196,971
197,918
198,820
199,918
200,918
201,918
202,820
203,829
204,936
205,925
206,1000
207,918
208,930
209,963
210,963
211,949
212,932
213,957
214,851
215,905
216,971
217,886
218,596
219,483
220,377
221,745
222,905
223,756
224,560
225,756
226,892
227,932
228,695
229,721
230,920
231,936
232,1000
233,932
234,963
235,971
236,963
237,963
238,963
239,373
240,963
241,963
242,963
243,963
244,963
245,981
246,856
247,707
248,549
249,932
250,741
251,971
252,949
253,932
254,932
255,932
256,820
257,568
258,1003
259,818
260,509
261,980
262,907
263,981
264,856
265,957
266,754
267,707
268,756
269,933
270,611
271,949
272,812
273,886
274,678
275,835
276,568
277,971
278,621
279,333
280,922
281,949
282,812
283,932
284,971
285,949
286,880
287,896
288,613
289,482
290,936
291,543
292,1000
293,856
294,931
295,943
296,932
297,905
298,812
299,855
300,896
301,963
302,809
303,932
304,971
305,949
306,858
307,971
308,880
309,905
310,932
311,905
312,841
313,560
314,892
315,695
316,979
317,695
318,981
319,963
320,616
321,971
322,933
323,768
324,971
325,971
326,932
327,945
328,560
329,989
330,860
331,856
332,971
333,981
334,933
335,933
336,971
337,883
338,932
339,883
340,932
341,560
342,851
343,971
344,381
345,681
346,820
347,814
348,349
349,644
350,939
351,518
352,851
353,828
354,404
355,932
356,896
357,615
358,913
359,951
360,971
361,981
362,956
363,577
364,433
365,833
366,886
367,980
368,896
369,304
370,725
371,932
372,494
373,812
374,856
375,896
376,869
377,947
378,491
379,719
380,537
381,548
382,393
383,383
384,495
385,395
386,560
387,485
388,394
389,611
390,756
391,971
392,588
393,932
394,947
395,908
396,395
397,869
398,379
399,813
400,971
401,971
402,420
403,971
404,963
405,896
406,971
407,856
408,859
409,506
410,486
411,981
412,991
413,813
414,443
415,852
416,971
417,981
418,747
419,932
420,932
421,856
422,820
423,981
424,820
425,714
426,840
427,980
428,812
429,933
430,971
431,756
432,433
433,433
434,859
435,440
436,438
437,860
438,900
439,338
440,840
441,720
442,981
443,981
444,981
445,917
446,933
447,933
448,971
449,414
450,813
451,569
452,971
453,932
454,357
455,981
456,456
457,971
458,813
459,759
460,748
461,812
462,546
463,463
464,847
465,809
466,971
467,971
468,730
469,478
470,980
471,810
472,610
473,963
474,950
475,375
476,478
477,478
478,652
479,479
480,971
481,949
482,820
483,917
484,936
485,981
486,820
487,922
488,971
489,932
490,932
491,892
492,932
493,932
494,918
495,932
496,602
497,811
498,922
499,922
500,699
501,569
502,661
503,506
504,971
505,971
506,971
507,507
508,747
509,969
510,674
511,949
512,512
513,747
514,971
515,817
516,743
517,743
518,954
519,809
520,991
521,823
522,563
523,836
524,1
525,951
526,840
527,981
528,644
529,922
530,538
531,932
532,552
533,906
534,813
535,777
536,601
537,613
538,777
539,531
540,971
541,641
542,544
543,813
544,932
545,588
546,970
547,981
548,607
549,747
550,747
551,733
552,949
553,598
554,971
555,856
556,556
557,917
558,856
559,559
560,922
561,462
562,840
563,822
564,748
565,754
566,971
567,567
568,568
569,971
570,971
571,552
572,939
573,856
574,425
575,851
576,932
577,363
578,577
579,592
580,580
581,872
582,971
583,521
584,563
585,813
586,932
587,832
588,600
589,638
590,953
591,591
592,933
593,974
594,372
595,52
596,596
597,932
598,598
599,242
600,813
601,886
602,707
603,414
604,546
605,851
606,495
607,695
608,971
609,609
610,610
611,938
612,963
613,793
614,756
615,800
616,602
617,618
618,820
619,613
620,620
621,518
622,238
623,813
624,651
625,412
626,87
627,971
628,628
629,440
630,630
631,631
632,632
633,633
634,634
635,812
636,636
637,637
638,638
639,639
640,937
641,641
642,932
643,963
644,820
645,645
646,646
647,685
648,648
649,649
650,215
651,651
652,478
653,653
654,820
655,655
656,380
657,269
658,658
659,659
660,660
661,856
662,662
663,747
664,664
665,886
666,666
667,747
668,157
669,783
670,670
671,932
672,971
673,673
674,754
675,675
676,447
677,434
678,678
679,971
680,380
681,851
682,681
683,683
684,684
685,949
686,564
687,404
688,543
689,689
690,690
691,691
692,231
693,366
694,664
695,971
696,307
697,697
698,949
699,971
700,971
701,462
702,932
703,703
704,704
705,705
706,936
707,957
708,748
709,404
710,971
711,711
712,995
713,509
714,813
715,799
716,716
717,788
718,305
719,841
720,856
721,721
722,278
723,971
724,338
725,486
726,726
727,483
728,885
729,971
730,730
731,731
732,732
733,777
734,695
735,592
736,736
737,737
738,809
739,569
740,971
741,741
742,742
743,743
744,744
745,979
746,746
747,971
748,944
749,820
750,1
751,820
752,283
753,914
754,971
755,1
756,756
757,980
758,758
759,121
760,592
761,393
762,516
763,763
764,541
765,912
766,766
767,803
768,708
769,559
770,353
771,518
772,772
773,773
774,285
775,560
776,936
777,971
778,971
779,549
780,84
781,621
782,526
783,654
784,784
785,545
786,786
787,21
788,788
789,654
790,1
791,623
792,121
793,748
794,335
795,417
796,828
797,797
798,798
799,971
800,615
801,820
802,802
803,1001
804,971
805,971
806,809
807,303
808,808
809,971
810,321
811,340
812,991
813,544
814,344
815,880
816,953
817,817
818,549
819,461
820,970
821,160
822,953
823,971
824,191
825,923
826,1001
827,506
828,615
829,523
830,452
831,258
832,1001
833,833
834,107
835,789
836,836
837,837
838,45
839,377
840,840
841,841
842,211
843,567
844,971
845,953
846,846
847,981
848,445
849,859
850,546
851,907
852,852
853,82
854,420
855,549
856,950
857,301
858,1
859,963
860,978
861,350
862,777
863,1
864,411
865,865
866,411
867,411
868,320
869,841
870,425
871,231
872,707
873,425
874,425
875,1
876,564
877,812
878,35
879,1
880,949
881,96
882,166
883,883
884,884
885,887
886,59
887,887
888,412
889,828
890,890
891,892
892,896
893,971
894,327
895,417
896,896
897,263
898,898
899,2
900,978
901,1
902,5
903,907
904,321
905,905
906,546
907,936
908,922
909,493
910,65
911,222
912,526
913,956
914,914
915,38
916,414
917,974
918,1000
919,981
920,435
921,930
922,956
923,923
924,845
925,981
926,963
927,963
928,211
929,933
930,963
931,963
932,963
933,956
934,549
935,936
936,936
937,937
938,611
939,572
940,128
941,1
942,435
943,1
944,1
945,945
946,641
947,947
948,381
949,949
950,963
951,957
952,952
953,845
954,615
955,955
956,933
957,951
958,962
959,377
960,377
961,377
962,958
963,963
964,373
965,936
966,189
967,913
968,968
969,509
970,820
971,971
972,913
973,971
974,918
975,971
976,976
977,977
978,860
979,979
980,980
981,981
982,1
983,333
984,333
985,376
986,470
987,914
988,411
989,989
990,1001
991,859
992,992
993,408
994,6
995,1
996,12
997,953
998,65
999,145
1000,918
1001,826
1002,560
1003,258
1004,55
0,734
1,979
2,1001
3,971
4,1001
5,980
6,1001
7,856
8,971
9,971
10,971
11,956
12,996
13,980
14,1000
15,933
16,828
17,932
18,797
19,957
20,971
21,932
22,686
23,953
24,609
25,654
26,971
27,917
28,953
29,971
30,820
31,932
32,883
33,590
34,545
35,953
36,914
37,667
38,592
39,883
40,919
41,932
42,820
43,569
44,932
45,932
46,933
47,981
48,981
49,643
50,654
51,970
52,820
53,922
54,949
55,949
56,949
57,949
58,963
59,949
60,947
61,872
62,859
63,971
64,980
65,840
66,513
67,549
68,932
69,958
70,932
71,612
72,524
73,756
74,950
75,753
76,981
77,932
78,581
79,922
80,880
81,952
82,963
83,963
84,662
85,872
86,963
87,974
88,810
89,933
90,494
91,514
92,887
93,971
94,974
95,942
96,924
97,768
98,932
99,768
100,935
101,768
102,832
103,537
104,549
105,914
106,979
107,963
108,971
109,424
110,478
111,478
112,896
113,981
114,981
115,932
116,914
117,613
118,756
119,980
120,380
121,963
122,515
123,860
124,908
125,937
126,812
127,491
128,974
129,992
130,936
131,963
132,859
133,971
134,777
135,914
136,820
137,982
138,990
139,933
140,929
141,957
142,963
143,820
144,615
145,999
146,615
147,932
148,434
149,655
150,820
151,816
152,726
153,932
154,963
155,855
156,907
157,880
158,963
159,963
160,963
161,667
162,859
163,932
164,929
165,978
166,1000
167,936
168,936
169,932
170,979
171,981
172,847
173,932
174,971
175,685
176,611
177,905
178,539
179,971
180,932
181,947
182,872
183,956
184,971
185,800
186,856
187,671
188,971
189,941
190,971
191,907
192,832
193,1001
194,1001
195,859
196,971
197,918
198,820
199,918
200,918
201,918
202,820
203,829
204,936
205,925
206,1000
207,918
208,930
209,963
210,963
211,949
212,932
213,957
214,851
215,905
216,971
217,886
218,596
219,483
220,377
221,745
222,905
223,756
224,560
225,756
226,892
227,932
228,695
229,721
230,920
231,936
232,1000
233,932
234,963
235,971
236,963
237,963
238,963
239,373
240,963
241,963
242,963
243,963
244,963
245,981
246,856
247,707
248,549
249,932
250,741
251,971
252,949
253,932
254,932
255,932
256,820
257,568
258,1003
259,818
260,509
261,980
262,907
263,981
264,856
265,957
266,754
267,707
268,756
269,933
270,611
271,949
272,812
273,886
274,678
275,835
276,568
277,971
278,621
279,333
280,922
281,949
282,812
283,932
284,971
285,949
286,880
287,896
288,613
289,482
290,936
291,543
292,1000
293,856
294,931
295,943
296,932
297,905
298,812
299,855
300,896
301,963
302,809
303,932
304,971
305,949
306,858
307,971
308,880
309,905
310,932
311,905
312,841
313,560
314,892
315,695
316,979
317,695
318,981
319,963
320,616
321,971
322,933
323,768
324,971
325,971
326,932
327,945
328,560
329,989
330,860
331,856
332,971
333,981
334,933
335,933
336,971
337,883
338,932
339,883
340,932
341,560
342,851
343,971
344,381
345,681
346,820
347,814
348,349
349,644
350,939
351,518
352,851
353,828
354,404
355,932
356,896
357,615
358,913
359,951
360,971
361,981
362,956
363,577
364,433
365,833
366,886
367,980
368,896
369,304
370,725
371,932
372,494
373,812
374,856
375,896
376,869
377,947
378,491
379,719
380,537
381,548
382,393
383,383
384,495
385,395
386,560
387,485
388,394
389,611
390,756
391,971
392,588
393,932
394,947
395,908
396,395
397,869
398,379
399,813
400,971
401,971
402,420
403,971
404,963
405,896
406,971
407,856
408,859
409,506
410,486
411,981
412,991
413,813
414,443
415,852
416,971
417,981
418,747
419,932
420,932
421,856
422,820
423,981
424,820
425,714
426,840
427,980
428,812
429,933
430,971
431,756
432,433
433,433
434,859
435,440
436,438
437,860
438,900
439,338
440,840
441,720
442,981
443,981
444,981
445,917
446,933
447,933
448,971
449,414
450,813
451,569
452,971
453,932
454,357
455,981
456,456
457,971
458,813
459,759
460,748
461,812
462,546
463,463
464,847
465,809
466,971
467,971
468,730
469,478
470,980
471,810
472,610
473,963
474,950
475,375
476,478
477,478
478,652
479,479
480,971
481,949
482,820
483,917
484,936
485,981
486,820
487,922
488,971
489,932
490,932
491,892
492,932
493,932
494,918
495,932
496,602
497,811
498,922
499,922
500,699
501,569
502,661
503,506
504,971
505,971
506,971
507,507
508,747
509,969
510,674
511,949
512,512
513,747
514,971
515,817
516,743
517,743
518,954
519,809
520,991
521,823
522,563
523,836
524,1
525,951
526,840
527,981
528,644
529,922
530,538
531,932
532,552
533,906
534,813
535,777
536,601
537,613
538,777
539,531
540,971
541,641
542,544
543,813
544,932
545,588
546,970
547,981
548,607
549,747
550,747
551,733
552,949
553,598
554,971
555,856
556,556
557,917
558,856
559,559
560,922
561,462
562,840
563,822
564,748
565,754
566,971
567,567
568,568
569,971
570,971
571,552
572,939
573,856
574,425
575,851
576,932
577,363
578,577
579,592
580,580
581,872
582,971
583,521
584,563
585,813
586,932
587,832
588,600
589,638
590,953
591,591
592,933
593,974
594,372
595,52
596,596
597,932
598,598
599,242
600,813
601,886
602,707
603,414
604,546
605,851
606,495
607,695
608,971
609,609
610,610
611,938
612,963
613,793
614,756
615,800
616,602
617,618
618,820
619,613
620,620
621,518
622,238
623,813
624,651
625,412
626,87
627,971
628,628
629,440
630,630
631,631
632,632
633,633
634,634
635,812
636,636
637,637
638,638
639,639
640,937
641,641
642,932
643,963
644,820
645,645
646,646
647,685
648,648
649,649
650,215
651,651
652,478
653,653
654,820
655,655
656,380
657,269
658,658
659,659
660,660
661,856
662,662
663,747
664,664
665,886
666,666
667,747
668,157
669,783
670,670
671,932
672,971
673,673
674,754
675,675
676,447
677,434
678,678
679,971
680,380
681,851
682,681
683,683
684,684
685,949
686,564
687,404
688,543
689,689
690,690
691,691
692,231
693,366
694,664
695,971
696,307
697,697
698,949
699,971
700,971
701,462
702,932
703,703
704,704
705,705
706,936
707,957
708,748
709,404
710,971
711,711
712,995
713,509
714,813
715,799
716,716
717,788
718,305
719,841
720,856
721,721
722,278
723,971
724,338
725,486
726,726
727,483
728,885
729,971
730,730
731,731
732,732
733,777
734,695
735,592
736,736
737,737
738,809
739,569
740,971
741,741
742,742
743,743
744,744
745,979
746,746
747,971
748,944
749,820
750,1
751,820
752,283
753,914
754,971
755,1
756,756
757,980
758,758
759,121
760,592
761,393
762,516
763,763
764,541
765,912
766,766
767,803
768,708
769,559
770,353
771,518
772,772
773,773
774,285
775,560
776,936
777,971
778,971
779,549
780,84
781,621
782,526
783,654
784,784
785,545
786,786
787,21
788,788
789,654
790,1
791,623
792,121
793,748
794,335
795,417
796,828
797,797
798,798
799,971
800,615
801,820
802,802
803,1001
804,971
805,971
806,809
807,303
808,808
809,971
810,321
811,340
812,991
813,544
814,344
815,880
816,953
817,817
818,549
819,461
820,970
821,160
822,953
823,971
824,191
825,923
826,1001
827,506
828,615
829,523
830,452
831,258
832,1001
833,833
834,107
835,789
836,836
837,837
838,45
839,377
840,840
841,841
842,211
843,567
844,971
845,953
846,846
847,981
848,445
849,859
850,546
851,907
852,852
853,82
854,420
855,549
856,950
857,301
858,1
859,963
860,978
861,350
862,777
863,1
864,411
865,865
866,411
867,411
868,320
869,841
870,425
871,231
872,707
873,425
874,425
875,1
876,564
877,812
878,35
879,1
880,949
881,96
882,166
883,883
884,884
885,887
886,59
887,887
888,412
889,828
890,890
891,892
892,896
893,971
894,327
895,417
896,896
897,263
898,898
899,2
900,978
901,1
902,5
903,907
904,321
905,905
906,546
907,936
908,922
909,493
910,65
911,222
912,526
913,956
914,914
915,38
916,414
917,974
918,1000
919,981
920,435
921,930
922,956
923,923
924,845
925,981
926,963
927,963
928,211
929,933
930,963
931,963
932,963
933,956
934,549
935,936
936,936
937,937
938,611
939,572
940,128
941,1
942,435
943,1
944,1
945,945
946,641
947,947
948,381
949,949
950,963
951,957
952,952
953,845
954,615
955,955
956,933
957,951
958,962
959,377
960,377
961,377
962,958
963,963
964,373
965,936
966,189
967,913
968,968
969,509
970,820
971,971
972,913
973,971
974,918
975,971
976,976
977,977
978,860
979,979
980,980
981,981
982,1
983,333
984,333
985,376
986,470
987,914
988,411
989,989
990,1001
991,859
992,992
993,408
994,6
995,1
996,12
997,953
998,65
999,145
1000,918
1001,826
1002,560
1003,258
1004,55
0,734
1,979
2,1001
3,971
4,1001
5,980
6,1001
7,856
8,971
9,971
10,971
11,956
12,996
13,980
14,1000
15,933
16,828
17,932
18,797
19,957
20,971
21,932
22,686
23,953
24,609
25,654
26,971
27,917
28,953
29,971
30,820
31,932
32,883
33,590
34,545
35,953
36,914
37,667
38,592
39,883
40,919
41,932
42,820
43,569
44,932
45,932
46,933
47,981
48,981
49,643
50,654
51,970
52,820
53,922
54,949
55,949
56,949
57,949
58,963
59,949
60,947
61,872
62,859
63,971
64,980
65,840
66,513
67,549
68,932
69,958
70,932
71,612
72,524
73,756
74,950
75,753
76,981
77,932
78,581
79,922
80,880
81,952
82,963
83,963
84,662
85,872
86,963
87,974
88,810
89,933
90,494
91,514
92,887
93,971
94,974
95,942
96,924
97,768
98,932
99,768
100,935
101,768
102,832
103,537
104,549
105,914
106,979
107,963
108,971
109,424
110,478
111,478
112,896
113,981
114,981
115,932
116,914
117,613
118,756
119,980
120,380
121,963
122,515
123,860
124,908
125,937
126,812
127,491
128,974
129,992
130,936
131,963
132,859
133,971
134,777
135,914
136,820
137,982
138,990
139,933
140,929
141,957
142,963
143,820
144,615
145,999
146,615
147,932
148,434
149,655
150,820
151,816
152,726
153,932
154,963
155,855
156,907
157,880
158,963
159,963
160,963
161,667
162,859
163,932
164,929
165,978
166,1000
167,936
168,936
169,932
170,979
171,981
172,847
173,932
174,971
175,685
176,611
177,905
178,539
179,971
180,932
181,947
182,872
183,956
184,971
185,800
186,856
187,671
188,971
189,941
190,971
191,907
192,832
193,1001
194,1001
195,859
196,971
197,918
198,820
199,918
200,918
201,918
202,820
203,829
204,936
205,925
206,1000
207,918
208,930
209,963
210,963
211,949
212,932
213,957
214,851
215,905
216,971
217,886
218,596
219,483
220,377
221,745
222,905
223,756
224,560
225,756
226,892
227,932
228,695
229,721
230,920
231,936
232,1000
233,932
234,963
235,971
236,963
237,963
238,963
239,373
240,963
241,963
242,963
243,963
244,963
245,981
246,856
247,707
248,549
249,932
250,741
251,971
252,949
253,932
254,932
255,932
256,820
257,568
258,1003
259,818
260,509
261,980
262,907
263,981
264,856
265,957
266,754
267,707
268,756
269,933
270,611
271,949
272,812
273,886
274,678
275,835
276,568
277,971
278,621
279,333
280,922
281,949
282,812
283,932
284,971
285,949
286,880
287,896
288,613
289,482
290,936
291,543
292,1000
293,856
294,931
295,943
296,932
297,905
298,812
299,855
300,896
301,963
302,809
303,932
304,971
305,949
306,858
307,971
308,880
309,905
310,932
311,905
312,841
313,560
314,892
315,695
316,979
317,695
318,981
319,963
320,616
321,971
322,933
323,768
324,971
325,971
326,932
327,945
328,560
329,989
330,860
331,856
332,971
333,981
334,933
335,933
336,971
337,883
338,932
339,883
340,932
341,560
342,851
343,971
344,381
345,681
346,820
347,814
348,349
349,644
350,939
351,518
352,851
353,828
354,404
355,932
356,896
357,615
358,913
359,951
360,971
361,981
362,956
363,577
364,433
365,833
366,886
367,980
368,896
369,304
370,725
371,932
372,494
373,812
374,856
375,896
376,869
377,947
378,491
379,719
380,537
381,548
382,393
383,383
384,495
385,395
386,560
387,485
388,394
389,611
390,756
391,971
392,588
393,932
394,947
395,908
396,395
397,869
398,379
399,813
400,971
401,971
402,420
403,971
404,963
405,896
406,971
407,856
408,859
409,506
410,486
411,981
412,991
413,813
414,443
415,852
416,971
417,981
418,747
419,932
420,932
421,856
422,820
423,981
424,820
425,714
426,840
427,980
428,812
429,933
430,971
431,756
432,433
433,433
434,859
435,440
436,438
437,860
438,900
439,338
440,840
441,720
442,981
443,981
444,981
445,917
446,933
447,933
448,971
449,414
450,813
451,569
452,971
453,932
454,357
455,981
456,456
457,971
458,813
459,759
460,748
461,812
462,546
463,463
464,847
465,809
466,971
467,971
468,730
469,478
470,980
471,810
472,610
473,963
474,950
475,375
476,478
477,478
478,652
479,479
480,971
481,949
482,820
483,917
484,936
485,981
486,820
487,922
488,971
489,932
490,932
491,892
492,932
493,932
494,918
495,932
496,602
497,811
498,922
499,922
500,699
501,569
502,661
503,506
504,971
505,971
506,971
507,507
508,747
509,969
510,674
511,949
512,512
513,747
514,971
515,817
516,743
517,743
518,954
519,809
520,991
521,823
522,563
523,836
524,1
525,951
526,840
527,981
528,644
529,922
530,538
531,932
532,552
533,906
534,813
535,777
536,601
537,613
538,777
539,531
540,971
541,641
542,544
543,813
544,932
545,588
546,970
547,981
548,607
549,747
550,747
551,733
552,949
553,598
554,971
555,856
556,556
557,917
558,856
559,559
560,922
561,462
562,840
563,822
564,748
565,754
566,971
567,567
568,568
569,971
570,971
571,552
572,939
573,856
574,425
575,851
576,932
577,363
578,577
579,592
580,580
581,872
582,971
583,521
584,563
585,813
586,932
587,832
588,600
589,638
590,953
591,591
592,933
593,974
594,372
595,52
596,596
597,932
598,598
599,242
600,813
601,886
602,707
603,414
604,546
605,851
606,495
607,695
608,971
609,609
610,610
611,938
612,963
613,793
614,756
615,800
616,602
617,618
618,820
619,613
620,620
621,518
622,238
623,813
624,651
625,412
626,87
627,971
628,628
629,440
630,630
631,631
632,632
633,633
634,634
635,812
636,636
637,637
638,638
639,639
640,937
641,641
642,932
643,963
644,820
645,645
646,646
647,685
648,648
649,649
650,215
651,651
652,478
653,653
654,820
655,655
656,380
657,269
658,658
659,659
660,660
661,856
662,662
663,747
664,664
665,886
666,666
667,747
668,157
669,783
670,670
671,932
672,971
673,673
674,754
675,675
676,447
677,434
678,678
679,971
680,380
681,851
682,681
683,683
684,684
685,949
686,564
687,404
688,543
689,689
690,690
691,691
692,231
693,366
694,664
695,971
696,307
697,697
698,949
699,971
700,971
701,462
702,932
703,703
704,704
705,705
706,936
707,957
708,748
709,404
710,971
711,711
712,995
713,509
714,813
715,799
716,716
717,788
718,305
719,841
720,856
721,721
722,278
723,971
724,338
725,486
726,726
727,483
728,885
729,971
730,730
731,731
732,732
733,777
734,695
735,592
736,736
737,737
738,809
739,569
740,971
741,741
742,742
743,743
744,744
745,979
746,746
747,971
748,944
749,820
750,1
751,820
752,283
753,914
754,971
755,1
756,756
757,980
758,758
759,121
760,592
761,393
762,516
763,763
764,541
765,912
766,766
767,803
768,708
769,559
770,353
771,518
772,772
773,773
774,285
775,560
776,936
777,971
778,971
779,549
780,84
781,621
782,526
783,654
784,784
785,545
786,786
787,21
788,788
789,654
790,1
791,623
792,121
793,748
794,335
795,417
796,828
797,797
798,798
799,971
800,615
801,820
802,802
803,1001
804,971
805,971
806,809
807,303
808,808
809,971
810,321
811,340
812,991
813,544
814,344
815,880
816,953
817,817
818,549
819,461
820,970
821,160
822,953
823,971
824,191
825,923
826,1001
827,506
828,615
829,523
830,452
831,258
832,1001
833,833
834,107
835,789
836,836
837,837
838,45
839,377
840,840
841,841
842,211
843,567
844,971
845,953
846,846
847,981
848,445
849,859
850,546
851,907
852,852
853,82
854,420
855,549
856,950
857,301
858,1
859,963
860,978
861,350
862,777
863,1
864,411
865,865
866,411
867,411
868,320
869,841
870,425
871,231
872,707
873,425
874,425
875,1
876,564
877,812
878,35
879,1
880,949
881,96
882,166
883,883
884,884
885,887
886,59
887,887
888,412
889,828
890,890
891,892
892,896
893,971
894,327
895,417
896,896
897,263
898,898
899,2
900,978
901,1
902,5
903,907
904,321
905,905
906,546
907,936
908,922
909,493
910,65
911,222
912,526
913,956
914,914
915,38
916,414
917,974
918,1000
919,981
920,435
921,930
922,956
923,923
924,845
925,981
926,963
927,963
928,211
929,933
930,963
931,963
932,963
933,956
934,549
935,936
936,936
937,937
938,611
939,572
940,128
941,1
942,435
943,1
944,1
945,945
946,641
947,947
948,381
949,949
950,963
951,957
952,952
953,845
954,615
955,955
956,933
957,951
958,962
959,377
960,377
961,377
962,958
963,963
964,373
965,936
966,189
967,913
968,968
969,509
970,820
971,971
972,913
973,971
974,918
975,971
976,976
977,977
978,860
979,979
980,980
981,981
982,1
983,333
984,333
985,376
986,470
987,914
988,411
989,989
990,1001
991,859
992,992
993,408
994,6
995,1
996,12
997,953
998,65
999,145
1000,918
1001,826
1002,560
1003,258
1004,55
0,734
1,979
2,1001
3,971
4,1001
5,980
6,1001
7,856
8,971
9,971
10,971
11,956
12,996
13,980
14,1000
15,933
16,828
17,932
18,797
19,957
20,971
21,932
22,686
23,953
24,609
25,654
26,971
27,917
28,953
29,971
30,820
31,932
32,883
33,590
34,545
35,953
36,914
37,667
38,592
39,883
40,919
41,932
42,820
43,569
44,932
45,932
46,933
47,981
48,981
49,643
50,654
51,970
52,820
53,922
54,949
55,949
56,949
57,949
58,963
59,949
60,947
61,872
62,859
63,971
64,980
65,840
66,513
67,549
68,932
69,958
70,932
71,612
72,524
73,756
74,950
75,753
76,981
77,932
78,581
79,922
80,880
81,952
82,963
83,963
84,662
85,872
86,963
87,974
88,810
89,933
90,494
91,514
92,887
93,971
94,974
95,942
96,924
97,768
98,932
99,768
100,935
101,768
102,832
103,537
104,549
105,914
106,979
107,963
108,971
109,424
110,478
111,478
112,896
113,981
114,981
115,932
116,914
117,613
118,756
119,980
120,380
121,963
122,515
123,860
124,908
125,937
126,812
127,491
128,974
129,992
130,936
131,963
132,859
133,971
134,777
135,914
136,820
137,982
138,990
139,933
140,929
141,957
142,963
143,820
144,615
145,999
146,615
147,932
148,434
149,655
150,820
151,816
152,726
153,932
154,963
155,855
156,907
157,880
158,963
159,963
160,963
161,667
162,859
163,932
164,929
165,978
166,1000
167,936
168,936
169,932
170,979
171,981
172,847
173,932
174,971
175,685
176,611
177,905
178,539
179,971
180,932
181,947
182,872
183,956
184,971
185,800
186,856
187,671
188,971
189,941
190,971
191,907
192,832
193,1001
194,1001
195,859
196,971
197,918
198,820
199,918
200,918
201,918
202,820
203,829
204,936
205,925
206,1000
207,918
208,930
209,963
210,963
211,949
212,932
213,957
214,851
215,905
216,971
217,886
218,596
219,483
220,377
221,745
222,905
223,756
224,560
225,756
226,892
227,932
228,695
229,721
230,920
231,936
232,1000
233,932
234,963
235,971
236,963
237,963
238,963
239,373
240,963
241,963
242,963
243,963
244,963
245,981
246,856
247,707
248,549
249,932
250,741
251,971
252,949
253,932
254,932
255,932
256,820
257,568
258,1003
259,818
260,509
261,980
262,907
263,981
264,856
265,957
266,754
267,707
268,756
269,933
270,611
271,949
272,812
273,886
274,678
275,835
276,568
277,971
278,621
279,333
280,922
281,949
282,812
283,932
284,971
285,949
286,880
287,896
288,613
289,482
290,936
291,543
292,1000
293,856
294,931
295,943
296,932
297,905
298,812
299,855
300,896
301,963
302,809
303,932
304,971
305,949
306,858
307,971
308,880
309,905
310,932
311,905
312,841
313,560
314,892
315,695
316,979
317,695
318,981
319,963
320,616
321,971
322,933
323,768
324,971
325,971
326,932
327,945
328,560
329,989
330,860
331,856
332,971
333,981
334,933
335,933
336,971
337,883
338,932
339,883
340,932
341,560
342,851
343,971
344,381
345,681
346,820
347,814
348,349
349,644
350,939
351,518
352,851
353,828
354,404
355,932
356,896
357,615
358,913
359,951
360,971
361,981
362,956
363,577
364,433
365,833
366,886
367,980
368,896
369,304
370,725
371,932
372,494
373,812
374,856
375,896
376,869
377,947
378,491
379,719
380,537
381,548
382,393
383,383
384,495
385,395
386,560
387,485
388,394
389,611
390,756
391,971
392,588
393,932
394,947
395,908
396,395
397,869
398,379
399,813
400,971
401,971
402,420
403,971
404,963
405,896
406,971
407,856
408,859
409,506
410,486
411,981
412,991
413,813
414,443
415,852
416,971
417,981
418,747
419,932
420,932
421,856
422,820
423,981
424,820
425,714
426,840
427,980
428,812
429,933
430,971
431,756
432,433
433,433
434,859
435,440
436,438
437,860
438,900
439,338
440,840
441,720
442,981
443,981
444,981
445,917
446,933
447,933
448,971
449,414
450,813
451,569
452,971
453,932
454,357
455,981
456,456
457,971
458,813
459,759
460,748
461,812
462,546
463,463
464,847
465,809
466,971
467,971
468,730
469,478
470,980
471,810
472,610
473,963
474,950
475,375
476,478
477,478
478,652
479,479
480,971
481,949
482,820
483,917
484,936
485,981
486,820
487,922
488,971
489,932
490,932
491,892
492,932
493,932
494,918
495,932
496,602
497,811
498,922
499,922
500,699
501,569
502,661
503,506
504,971
505,971
506,971
507,507
508,747
509,969
510,674
511,949
512,512
513,747
514,971
515,817
516,743
517,743
518,954
519,809
520,991
521,823
522,563
523,836
524,1
525,951
526,840
527,981
528,644
529,922
530,538
531,932
532,552
533,906
534,813
535,777
536,601
537,613
538,777
539,531
540,971
541,641
542,544
543,813
544,932
545,588
546,970
547,981
548,607
549,747
550,747
551,733
552,949
553,598
554,971
555,856
556,556
557,917
558,856
559,559
560,922
561,462
562,840
563,822
564,748
565,754
566,971
567,567
568,568
569,971
570,971
571,552
572,939
573,856
574,425
575,851
576,932
577,363
578,577
579,592
580,580
581,872
582,971
583,521
584,563
585,813
586,932
587,832
588,600
589,638
590,953
591,591
592,933
593,974
594,372
595,52
596,596
597,932
598,598
599,242
600,813
601,886
602,707
603,414
604,546
605,851
606,495
607,695
608,971
609,609
610,610
611,938
612,963
613,793
614,756
615,800
616,602
617,618
618,820
619,613
620,620
621,518
622,238
623,813
624,651
625,412
626,87
627,971
628,628
629,440
630,630
631,631
632,632
633,633
634,634
635,812
636,636
637,637
638,638
639,639
640,937
641,641
642,932
643,963
644,820
645,645
646,646
647,685
648,648
649,649
650,215
651,651
652,478
653,653
654,820
655,655
656,380
657,269
658,658
659,659
660,660
661,856
662,662
663,747
664,664
665,886
666,666
667,747
668,157
669,783
670,670
671,932
672,971
673,673
674,754
675,675
676,447
677,434
678,678
679,971
680,380
681,851
682,681
683,683
684,684
685,949
686,564
687,404
688,543
689,689
690,690
691,691
692,231
693,366
694,664
695,971
696,307
697,697
698,949
699,971
700,971
701,462
702,932
703,703
704,704
705,705
706,936
707,957
708,748
709,404
710,971
711,711
712,995
713,509
714,813
715,799
716,716
717,788
718,305
719,841
720,856
721,721
722,278
723,971
724,338
725,486
726,726
727,483
728,885
729,971
730,730
731,731
732,732
733,777
734,695
735,592
736,736
737,737
738,809
739,569
740,971
741,741
742,742
743,743
744,744
745,979
746,746
747,971
748,944
749,820
750,1
751,820
752,283
753,914
754,971
755,1
756,756
757,980
758,758
759,121
760,592
761,393
762,516
763,763
764,541
765,912
766,766
767,803
768,708
769,559
770,353
771,518
772,772
773,773
774,285
775,560
776,936
777,971
778,971
779,549
780,84
781,621
782,526
783,654
784,784
785,545
786,786
787,21
788,788
789,654
790,1
791,623
792,121
793,748
794,335
795,417
796,828
797,797
798,798
799,971
800,615
801,820
802,802
803,1001
804,971
805,971
806,809
807,303
808,808
809,971
810,321
811,340
812,991
813,544
814,344
815,880
816,953
817,817
818,549
819,461
820,970
821,160
822,953
823,971
824,191
825,923
826,1001
827,506
828,615
829,523
830,452
831,258
832,1001
833,833
834,107
835,789
836,836
837,837
838,45
839,377
840,840
841,841
842,211
843,567
844,971
845,953
846,846
847,981
848,445
849,859
850,546
851,907
852,852
853,82
854,420
855,549
856,950
857,301
858,1
859,963
860,978
861,350
862,777
863,1
864,411
865,865
866,411
867,411
868,320
869,841
870,425
871,231
872,707
873,425
874,425
875,1
876,564
877,812
878,35
879,1
880,949
881,96
882,166
883,883
884,884
885,887
886,59
887,887
888,412
889,828
890,890
891,892
892,896
893,971
894,327
895,417
896,896
897,263
898,898
899,2
900,978
901,1
902,5
903,907
904,321
905,905
906,546
907,936
908,922
909,493
910,65
911,222
912,526
913,956
914,914
915,38
916,414
917,974
918,1000
919,981
920,435
921,930
922,956
923,923
924,845
925,981
926,963
927,963
928,211
929,933
930,963
931,963
932,963
933,956
934,549
935,936
936,936
937,937
938,611
939,572
940,128
941,1
942,435
943,1
944,1
945,945
946,641
947,947
948,381
949,949
950,963
951,957
952,952
953,845
954,615
955,955
956,933
957,951
958,962
959,377
960,377
961,377
962,958
963,963
964,373
965,936
966,189
967,913
968,968
969,509
970,820
971,971
972,913
973,971
974,918
975,971
976,976
977,977
978,860
979,979
980,980
981,981
982,1
983,333
984,333
985,376
986,470
987,914
988,411
989,989
990,1001
991,859
992,992
993,408
994,6
995,1
996,12
997,953
998,65
999,145
1000,918
1001,826
1002,560
1003,258
1004,55
0,734
1,979
2,1001
3,971
4,1001
5,980
6,1001
7,856
8,971
9,971
10,971
11,956
12,996
13,980
14,1000
15,933
16,828
17,932
18,797
19,957
20,971
21,932
22,686
23,953
24,609
25,654
26,971
27,917
28,953
29,971
30,820
31,932
32,883
33,590
34,545
35,953
36,914
37,667
38,592
39,883
40,919
41,932
42,820
43,569
44,932
45,932
46,933
47,981
48,981
49,643
50,654
51,970
52,820
53,922
54,949
55,949
56,949
57,949
58,963
59,949
60,947
61,872
62,859
63,971
64,980
65,840
66,513
67,549
68,932
69,958
70,932
71,612
72,524
73,756
74,950
75,753
76,981
77,932
78,581
79,922
80,880
81,952
82,963
83,963
84,662
85,872
86,963
87,974
88,810
89,933
90,494
91,514
92,887
93,971
94,974
95,942
96,924
97,768
98,932
99,768
100,935
101,768
102,832
103,537
104,549
105,914
106,979
107,963
108,971
109,424
110,478
111,478
112,896
113,981
114,981
115,932
116,914
117,613
118,756
119,980
120,380
121,963
122,515
123,860
124,908
125,937
126,812
127,491
128,974
129,992
130,936
131,963
132,859
133,971
134,777
135,914
136,820
137,982
138,990
139,933
140,929
141,957
142,963
143,820
144,615
145,999
146,615
147,932
148,434
149,655
150,820
151,816
152,726
153,932
154,963
155,855
156,907
157,880
158,963
159,963
160,963
161,667
162,859
163,932
164,929
165,978
166,1000
167,936
168,936
169,932
170,979
171,981
172,847
173,932
174,971
175,685
176,611
177,905
178,539
179,971
180,932
181,947
182,872
183,956
184,971
185,800
186,856
187,671
188,971
189,941
190,971
191,907
192,832
193,1001
194,1001
195,859
196,971
197,918
198,820
199,918
200,918
201,918
202,820
203,829
204,936
205,925
206,1000
207,918
208,930
209,963
210,963
211,949
212,932
213,957
214,851
215,905
216,971
217,886
218,596
219,483
220,377
221,745
222,905
223,756
224,560
225,756
226,892
227,932
228,695
229,721
230,920
231,936
232,1000
233,932
234,963
235,971
236,963
237,963
238,963
239,373
240,963
241,963
242,963
243,963
244,963
245,981
246,856
247,707
248,549
249,932
250,741
251,971
252,949
253,932
254,932
255,932
256,820
257,568
258,1003
259,818
260,509
261,980
262,907
263,981
264,856
265,957
266,754
267,707
268,756
269,933
270,611
271,949
272,812
273,886
274,678
275,835
276,568
277,971
278,621
279,333
280,922
281,949
282,812
283,932
284,971
285,949
286,880
287,896
288,613
289,482
290,936
291,543
292,1000
293,856
294,931
295,943
296,932
297,905
298,812
299,855
300,896
301,963
302,809
303,932
304,971
305,949
306,858
307,971
308,880
309,905
310,932
311,905
312,841
313,560
314,892
315,695
316,979
317,695
318,981
319,963
320,616
321,971
322,933
323,768
324,971
325,971
326,932
327,945
328,560
329,989
330,860
331,856
332,971
333,981
334,933
335,933
336,971
337,883
338,932
339,883
340,932
341,560
342,851
343,971
344,381
345,681
346,820
347,814
348,349
349,644
350,939
351,518
352,851
353,828
354,404
355,932
356,896
357,615
358,913
359,951
360,971
361,981
362,956
363,577
364,433
365,833
366,886
367,980
368,896
369,304
370,725
371,932
372,494
373,812
374,856
375,896
376,869
377,947
378,491
379,719
380,537
381,548
382,393
383,383
384,495
385,395
386,560
387,485
388,394
389,611
390,756
391,971
392,588
393,932
394,947
395,908
396,395
397,869
398,379
399,813
400,971
401,971
402,420
403,971
404,963
405,896
406,971
407,856
408,859
409,506
410,486
411,981
412,991
413,813
414,443
415,852
416,971
417,981
418,747
419,932
420,932
421,856
422,820
423,981
424,820
425,714
426,840
427,980
428,812
429,933
430,971
431,756
432,433
433,433
434,859
435,440
436,438
437,860
438,900
439,338
440,840
441,720
442,981
443,981
444,981
445,917
446,933
447,933
448,971
449,414
450,813
451,569
452,971
453,932
454,357
455,981
456,456
457,971
458,813
459,759
460,748
461,812
462,546
463,463
464,847
465,809
466,971
467,971
468,730
469,478
470,980
471,810
472,610
473,963
474,950
475,375
476,478
477,478
478,652
479,479
480,971
481,949
482,820
483,917
484,936
485,981
486,820
487,922
488,971
489,932
490,932
491,892
492,932
493,932
494,918
495,932
496,602
497,811
498,922
499,922
500,699
501,569
502,661
503,506
504,971
505,971
506,971
507,507
508,747
509,969
510,674
511,949
512,512
513,747
514,971
515,817
516,743
517,743
518,954
519,809
520,991
521,823
522,563
523,836
524,1
525,951
526,840
527,981
528,644
529,922
530,538
531,932
532,552
533,906
534,813
535,777
536,601
537,613
538,777
539,531
540,971
541,641
542,544
543,813
544,932
545,588
546,970
547,981
548,607
549,747
550,747
551,733
552,949
553,598
554,971
555,856
556,556
557,917
558,856
559,559
560,922
561,462
562,840
563,822
564,748
565,754
566,971
567,567
568,568
569,971
570,971
571,552
572,939
573,856
574,425
575,851
576,932
577,363
578,577
579,592
580,580
581,872
582,971
583,521
584,563
585,813
586,932
587,832
588,600
589,638
590,953
591,591
592,933
593,974
594,372
595,52
596,596
597,932
598,598
599,242
600,813
601,886
602,707
603,414
604,546
605,851
606,495
607,695
608,971
609,609
610,610
611,938
612,963
613,793
614,756
615,800
616,602
617,618
618,820
619,613
620,620
621,518
622,238
623,813
624,651
625,412
626,87
627,971
628,628
629,440
630,630
631,631
632,632
633,633
634,634
635,812
636,636
637,637
638,638
639,639
640,937
641,641
642,932
643,963
644,820
645,645
646,646
647,685
648,648
649,649
650,215
651,651
652,478
653,653
654,820
655,655
656,380
657,269
658,658
659,659
660,660
661,856
662,662
663,747
664,664
665,886
666,666
667,747
668,157
669,783
670,670
671,932
672,971
673,673
674,754
675,675
676,447
677,434
678,678
679,971
680,380
681,851
682,681
683,683
684,684
685,949
686,564
687,404
688,543
689,689
690,690
691,691
692,231
693,366
694,664
695,971
696,307
697,697
698,949
699,971
700,971
701,462
702,932
703,703
704,704
705,705
706,936
707,957
708,748
709,404
710,971
711,711
712,995
713,509
714,813
715,799
716,716
717,788
718,305
719,841
720,856
721,721
722,278
723,971
724,338
725,486
726,726
727,483
728,885
729,971
730,730
731,731
732,732
733,777
734,695
735,592
736,736
737,737
738,809
739,569
740,971
741,741
742,742
743,743
744,744
745,979
746,746
747,971
748,944
749,820
750,1
751,820
752,283
753,914
754,971
755,1
756,756
757,980
758,758
759,121
760,592
761,393
762,516
763,763
764,541
765,912
766,766
767,803
768,708
769,559
770,353
771,518
772,772
773,773
774,285
775,560
776,936
777,971
778,971
779,549
780,84
781,621
782,526
783,654
784,784
785,545
786,786
787,21
788,788
789,654
790,1
791,623
792,121
793,748
794,335
795,417
796,828
797,797
798,798
799,971
800,615
801,820
802,802
803,1001
804,971
805,971
806,809
807,303
808,808
809,971
810,321
811,340
812,991
813,544
814,344
815,880
816,953
817,817
818,549
819,461
820,970
821,160
822,953
823,971
824,191
825,923
826,1001
827,506
828,615
829,523
830,452
831,258
832,1001
833,833
834,107
835,789
836,836
837,837
838,45
839,377
840,840
841,841
842,211
843,567
844,971
845,953
846,846
847,981
848,445
849,859
850,546
851,907
852,852
853,82
854,420
855,549
856,950
857,301
858,1
859,963
860,978
861,350
862,777
863,1
864,411
865,865
866,411
867,411
868,320
869,841
870,425
871,231
872,707
873,425
874,425
875,1
876,564
877,812
878,35
879,1
880,949
881,96
882,166
883,883
884,884
885,887
886,59
887,887
888,412
889,828
890,890
891,892
892,896
893,971
894,327
895,417
896,896
897,263
898,898
899,2
900,978
901,1
902,5
903,907
904,321
905,905
906,546
907,936
908,922
909,493
910,65
911,222
912,526
913,956
914,914
915,38
916,414
917,974
918,1000
919,981
920,435
921,930
922,956
923,923
924,845
925,981
926,963
927,963
928,211
929,933
930,963
931,963
932,963
933,956
934,549
935,936
936,936
937,937
938,611
939,572
940,128
941,1
942,435
943,1
944,1
945,945
946,641
947,947
948,381
949,949
950,963
951,957
952,952
953,845
954,615
955,955
956,933
957,951
958,962
959,377
960,377
961,377
962,958
963,963
964,373
965,936
966,189
967,913
968,968
969,509
970,820
971,971
972,913
973,971
974,918
975,971
976,976
977,977
978,860
979,979
980,980
981,981
982,1
983,333
984,333
985,376
986,470
987,914
988,411
989,989
990,1001
991,859
992,992
993,408
994,6
995,1
996,12
997,953
998,65
999,145
1000,918
1001,826
1002,560
1003,258
1004,55
0,734
1,979
2,1001
3,971
4,1001
5,980
6,1001
7,856
8,971
9,971
10,971
11,956
12,996
13,980
14,1000
15,933
16,828
17,932
18,797
19,957
20,971
21,932
22,686
23,953
24,609
25,654
26,971
27,917
28,953
29,971
30,820
31,932
32,883
33,590
34,545
35,953
36,914
37,667
38,592
39,883
40,919
41,932
42,820
43,569
44,932
45,932
46,933
47,981
48,981
49,643
50,654
51,970
52,820
53,922
54,949
55,949
56,949
57,949
58,963
59,949
60,947
61,872
62,859
63,971
64,980
65,840
66,513
67,549
68,932
69,958
70,932
71,612
72,524
73,756
74,950
75,753
76,981
77,932
78,581
79,922
80,880
81,952
82,963
83,963
84,662
85,872
86,963
87,974
88,810
89,933
90,494
91,514
92,887
93,971
94,974
95,942
96,924
97,768
98,932
99,768
100,935
101,768
102,832
103,537
104,549
105,914
106,979
107,963
108,971
109,424
110,478
111,478
112,896
113,981
114,981
115,932
116,914
117,613
118,756
119,980
120,380
121,963
122,515
123,860
124,908
125,937
126,812
127,491
128,974
129,992
130,936
131,963
132,859
133,971
134,777
135,914
136,820
137,982
138,990
139,933
140,929
141,957
142,963
143,820
144,615
145,999
146,615
147,932
148,434
149,655
150,820
151,816
152,726
153,932
154,963
155,855
156,907
157,880
158,963
159,963
160,963
161,667
162,859
163,932
164,929
165,978
166,1000
167,936
168,936
169,932
170,979
171,981
172,847
173,932
174,971
175,685
176,611
177,905
178,539
179,971
180,932
181,947
182,872
183,956
184,971
185,800
186,856
187,671
188,971
189,941
190,971
191,907
192,832
193,1001
194,1001
195,859
196,971
197,918
198,820
199,918
200,918
201,918
202,820
203,829
204,936
205,925
206,1000
207,918
208,930
209,963
210,963
211,949
212,932
213,957
214,851
215,905
216,971
217,886
218,596
219,483
220,377
221,745
222,905
223,756
224,560
225,756
226,892
227,932
228,695
229,721
230,920
231,936
232,1000
233,932
234,963
235,971
236,963
237,963
238,963
239,373
240,963
241,963
242,963
243,963
244,963
245,981
246,856
247,707
248,549
249,932
250,741
251,971
252,949
253,932
254,932
255,932
256,820
257,568
258,1003
259,818
260,509
261,980
262,907
263,981
264,856
265,957
266,754
267,707
268,756
269,933
270,611
271,949
272,812
273,886
274,678
275,835
276,568
277,971
278,621
279,333
280,922
281,949
282,812
283,932
284,971
285,949
286,880
287,896
288,613
289,482
290,936
291,543
292,1000
293,856
294,931
295,943
296,932
297,905
298,812
299,855
300,896
301,963
302,809
303,932
304,971
305,949
306,858
307,971
308,880
309,905
310,932
311,905
312,841
313,560
314,892
315,695
316,979
317,695
318,981
319,963
320,616
321,971
322,933
323,768
324,971
325,971
326,932
327,945
328,560
329,989
330,860
331,856
332,971
333,981
334,933
335,933
336,971
337,883
338,932
339,883
340,932
341,560
342,851
343,971
344,381
345,681
346,820
347,814
348,349
349,644
350,939
351,518
352,851
353,828
354,404
355,932
356,896
357,615
358,913
359,951
360,971
361,981
362,956
363,577
364,433
365,833
366,886
367,980
368,896
369,304
370,725
371,932
372,494
373,812
374,856
375,896
376,869
377,947
378,491
379,719
380,537
381,548
382,393
383,383
384,495
385,395
386,560
387,485
388,394
389,611
390,756
391,971
392,588
393,932
394,947
395,908
396,395
397,869
398,379
399,813
400,971
401,971
402,420
403,971
404,963
405,896
406,971
407,856
408,859
409,506
410,486
411,981
412,991
413,813
414,443
415,852
416,971
417,981
418,747
419,932
420,932
421,856
422,820
423,981
424,820
425,714
426,840
427,980
428,812
429,933
430,971
431,756
432,433
433,433
434,859
435,440
436,438
437,860
438,900
439,338
440,840
441,720
442,981
443,981
444,981
445,917
446,933
447,933
448,971
449,414
450,813
451,569
452,971
453,932
454,357
455,981
456,456
457,971
458,813
459,759
460,748
461,812
462,546
463,463
464,847
465,809
466,971
467,971
468,730
469,478
470,980
471,810
472,610
473,963
474,950
475,375
476,478
477,478
478,652
479,479
480,971
481,949
482,820
483,917
484,936
485,981
486,820
487,922
488,971
489,932
490,932
491,892
492,932
493,932
494,918
495,932
496,602
497,811
498,922
499,922
500,699
501,569
502,661
503,506
504,971
505,971
506,971
507,507
508,747
509,969
510,674
511,949
512,512
513,747
514,971
515,817
516,743
517,743
518,954
519,809
520,991
521,823
522,563
523,836
524,1
525,951
526,840
527,981
528,644
529,922
530,538
531,932
532,552
533,906
534,813
535,777
536,601
537,613
538,777
539,531
540,971
541,641
542,544
543,813
544,932
545,588
546,970
547,981
548,607
549,747
550,747
551,733
552,949
553,598
554,971
555,856
556,556
557,917
558,856
559,559
560,922
561,462
562,840
563,822
564,748
565,754
566,971
567,567
568,568
569,971
570,971
571,552
572,939
573,856
574,425
575,851
576,932
577,363
578,577
579,592
580,580
581,872
582,971
583,521
584,563
585,813
586,932
587,832
588,600
589,638
590,953
591,591
592,933
593,974
594,372
595,52
596,596
597,932
598,598
599,242
600,813
601,886
602,707
603,414
604,546
605,851
606,495
607,695
608,971
609,609
610,610
611,938
612,963
613,793
614,756
615,800
616,602
617,618
618,820
619,613
620,620
621,518
622,238
623,813
624,651
625,412
626,87
627,971
628,628
629,440
630,630
631,631
632,632
633,633
634,634
635,812
636,636
637,637
638,638
639,639
640,937
641,641
642,932
643,963
644,820
645,645
646,646
647,685
648,648
649,649
650,215
651,651
652,478
653,653
654,820
655,655
656,380
657,269
658,658
659,659
660,660
661,856
662,662
663,747
664,664
665,886
666,666
667,747
668,157
669,783
670,670
671,932
672,971
673,673
674,754
675,675
676,447
677,434
678,678
679,971
680,380
681,851
682,681
683,683
684,684
685,949
686,564
687,404
688,543
689,689
690,690
691,691
692,231
693,366
694,664
695,971
696,307
697,697
698,949
699,971
700,971
701,462
702,932
703,703
704,704
705,705
706,936
707,957
708,748
709,404
710,971
711,711
712,995
713,509
714,813
715,799
716,716
717,788
718,305
719,841
720,856
721,721
722,278
723,971
724,338
725,486
726,726
727,483
728,885
729,971
730,730
731,731
732,732
733,777
734,695
735,592
736,736
737,737
738,809
739,569
740,971
741,741
742,742
743,743
744,744
745,979
746,746
747,971
748,944
749,820
750,1
751,820
752,283
753,914
754,971
755,1
756,756
757,980
758,758
759,121
760,592
761,393
762,516
763,763
764,541
765,912
766,766
767,803
768,708
769,559
770,353
771,518
772,772
773,773
774,285
775,560
776,936
777,971
778,971
779,549
780,84
781,621
782,526
783,654
784,784
785,545
786,786
787,21
788,788
789,654
790,1
791,623
792,121
793,748
794,335
795,417
796,828
797,797
798,798
799,971
800,615
801,820
802,802
803,1001
804,971
805,971
806,809
807,303
808,808
809,971
810,321
811,340
812,991
813,544
814,344
815,880
816,953
817,817
818,549
819,461
820,970
821,160
822,953
823,971
824,191
825,923
826,1001
827,506
828,615
829,523
830,452
831,258
832,1001
833,833
834,107
835,789
836,836
837,837
838,45
839,377
840,840
841,841
842,211
843,567
844,971
845,953
846,846
847,981
848,445
849,859
850,546
851,907
852,852
853,82
854,420
855,549
856,950
857,301
858,1
859,963
860,978
861,350
862,777
863,1
864,411
865,865
866,411
867,411
868,320
869,841
870,425
871,231
872,707
873,425
874,425
875,1
876,564
877,812
878,35
879,1
880,949
881,96
882,166
883,883
884,884
885,887
886,59
887,887
888,412
889,828
890,890
891,892
892,896
893,971
894,327
895,417
896,896
897,263
898,898
899,2
900,978
901,1
902,5
903,907
904,321
905,905
906,546
907,936
908,922
909,493
910,65
911,222
912,526
913,956
914,914
915,38
916,414
917,974
918,1000
919,981
920,435
921,930
922,956
923,923
924,845
925,981
926,963
927,963
928,211
929,933
930,963
931,963
932,963
933,956
934,549
935,936
936,936
937,937
938,611
939,572
940,128
941,1
942,435
943,1
944,1
945,945
946,641
947,947
948,381
949,949
950,963
951,957
952,952
953,845
954,615
955,955
956,933
957,951
958,962
959,377
960,377
961,377
962,958
963,963
964,373
965,936
966,189
967,913
968,968
969,509
970,820
971,971
972,913
973,971
974,918
975,971
976,976
977,977
978,860
979,979
980,980
981,981
982,1
983,333
984,333
985,376
986,470
987,914
988,411
989,989
990,1001
991,859
992,992
993,408
994,6
995,1
996,12
997,953
998,65
999,145
1000,918
1001,826
1002,560
1003,258
1004,55
0,734
1,979
2,1001
3,971
4,1001
5,980
6,1001
7,856
8,971
9,971
10,971
11,956
12,996
13,980
14,1000
15,933
16,828
17,932
18,797
19,957
20,971
21,932
22,686
23,953
24,609
25,654
26,971
27,917
28,953
29,971
30,820
31,932
32,883
33,590
34,545
35,953
36,914
37,667
38,592
39,883
40,919
41,932
42,820
43,569
44,932
45,932
46,933
47,981
48,981
49,643
50,654
51,970
52,820
53,922
54,949
55,949
56,949
57,949
58,963
59,949
60,947
61,872
62,859
63,971
64,980
65,840
66,513
67,549
68,932
69,958
70,932
71,612
72,524
73,756
74,950
75,753
76,981
77,932
78,581
79,922
80,880
81,952
82,963
83,963
84,662
85,872
86,963
87,974
88,810
89,933
90,494
91,514
92,887
93,971
94,974
95,942
96,924
97,768
98,932
99,768
100,935
101,768
102,832
103,537
104,549
105,914
106,979
107,963
108,971
109,424
110,478
111,478
112,896
113,981
114,981
115,932
116,914
117,613
118,756
119,980
120,380
121,963
122,515
123,860
124,908
125,937
126,812
127,491
128,974
129,992
130,936
131,963
132,859
133,971
134,777
135,914
136,820
137,982
138,990
139,933
140,929
141,957
142,963
143,820
144,615
145,999
146,615
147,932
148,434
149,655
150,820
151,816
152,726
153,932
154,963
155,855
156,907
157,880
158,963
159,963
160,963
161,667
162,859
163,932
164,929
165,978
166,1000
167,936
168,936
169,932
170,979
171,981
172,847
173,932
174,971
175,685
176,611
177,905
178,539
179,971
180,932
181,947
182,872
183,956
184,971
185,800
186,856
187,671
188,971
189,941
190,971
191,907
192,832
193,1001
194,1001
195,859
196,971
197,918
198,820
199,918
200,918
201,918
202,820
203,829
204,936
205,925
206,1000
207,918
208,930
209,963
210,963
211,949
212,932
213,957
214,851
215,905
216,971
217,886
218,596
219,483
220,377
221,745
222,905
223,756
224,560
225,756
226,892
227,932
228,695
229,721
230,920
231,936
232,1000
233,932
234,963
235,971
236,963
237,963
238,963
239,373
240,963
241,963
242,963
243,963
244,963
245,981
246,856
247,707
248,549
249,932
250,741
251,971
252,949
253,932
254,932
255,932
256,820
257,568
258,1003
259,818
260,509
261,980
262,907
263,981
264,856
265,957
266,754
267,707
268,756
269,933
270,611
271,949
272,812
273,886
274,678
275,835
276,568
277,971
278,621
279,333
280,922
281,949
282,812
283,932
284,971
285,949
286,880
287,896
288,613
289,482
290,936
291,543
292,1000
293,856
294,931
295,943
296,932
297,905
298,812
299,855
300,896
301,963
302,809
303,932
304,971
305,949
306,858
307,971
308,880
309,905
310,932
311,905
312,841
313,560
314,892
315,695
316,979
317,695
318,981
319,963
320,616
321,971
322,933
323,768
324,971
325,971
326,932
327,945
328,560
329,989
330,860
331,856
332,971
333,981
334,933
335,933
336,971
337,883
338,932
339,883
340,932
341,560
342,851
343,971
344,381
345,681
346,820
347,814
348,349
349,644
350,939
351,518
352,851
353,828
354,404
355,932
356,896
357,615
358,913
359,951
360,971
361,981
362,956
363,577
364,433
365,833
366,886
367,980
368,896
369,304
370,725
371,932
372,494
373,812
374,856
375,896
376,869
377,947
378,491
379,719
380,537
381,548
382,393
383,383
384,495
385,395
386,560
387,485
388,394
389,611
390,756
391,971
392,588
393,932
394,947
395,908
396,395
397,869
398,379
399,813
400,971
401,971
402,420
403,971
404,963
405,896
406,971
407,856
408,859
409,506
410,486
411,981
412,991
413,813
414,443
415,852
416,971
417,981
418,747
419,932
420,932
421,856
422,820
423,981
424,820
425,714
426,840
427,980
428,812
429,933
430,971
431,756
432,433
433,433
434,859
435,440
436,438
437,860
438,900
439,338
440,840
441,720
442,981
443,981
444,981
445,917
446,933
447,933
448,971
449,414
450,813
451,569
452,971
453,932
454,357
455,981
456,456
457,971
458,813
459,759
460,748
461,812
462,546
463,463
464,847
465,809
466,971
467,971
468,730
469,478
470,980
471,810
472,610
473,963
474,950
475,375
476,478
477,478
478,652
479,479
480,971
481,949
482,820
483,917
484,936
485,981
486,820
487,922
488,971
489,932
490,932
491,892
492,932
493,932
494,918
495,932
496,602
497,811
498,922
499,922
500,699
501,569
502,661
503,506
504,971
505,971
506,971
507,507
508,747
509,969
510,674
511,949
512,512
513,747
514,971
515,817
516,743
517,743
518,954
519,809
520,991
521,823
522,563
523,836
524,1
525,951
526,840
527,981
528,644
529,922
530,538
531,932
532,552
533,906
534,813
535,777
536,601
537,613
538,777
539,531
540,971
541,641
542,544
543,813
544,932
545,588
546,970
547,981
548,607
549,747
550,747
551,733
552,949
553,598
554,971
555,856
556,556
557,917
558,856
559,559
560,922
561,462
562,840
563,822
564,748
565,754
566,971
567,567
568,568
569,971
570,971
571,552
572,939
573,856
574,425
575,851
576,932
577,363
578,577
579,592
580,580
581,872
582,971
583,521
584,563
585,813
586,932
587,832
588,600
589,638
590,953
591,591
592,933
593,974
594,372
595,52
596,596
597,932
598,598
599,242
600,813
601,886
602,707
603,414
604,546
605,851
606,495
607,695
608,971
609,609
610,610
611,938
612,963
613,793
614,756
615,800
616,602
617,618
618,820
619,613
620,620
621,518
622,238
623,813
624,651
625,412
626,87
627,971
628,628
629,440
630,630
631,631
632,632
633,633
634,634
635,812
636,636
637,637
638,638
639,639
640,937
641,641
642,932
643,963
644,820
645,645
646,646
647,685
648,648
649,649
650,215
651,651
652,478
653,653
654,820
655,655
656,380
657,269
658,658
659,659
660,660
661,856
662,662
663,747
664,664
665,886
666,666
667,747
668,157
669,783
670,670
671,932
672,971
673,673
674,754
675,675
676,447
677,434
678,678
679,971
680,380
681,851
682,681
683,683
684,684
685,949
686,564
687,404
688,543
689,689
690,690
691,691
692,231
693,366
694,664
695,971
696,307
697,697
698,949
699,971
700,971
701,462
702,932
703,703
704,704
705,705
706,936
707,957
708,748
709,404
710,971
711,711
712,995
713,509
714,813
715,799
716,716
717,788
718,305
719,841
720,856
721,721
722,278
723,971
724,338
725,486
726,726
727,483
728,885
729,971
730,730
731,731
732,732
733,777
734,695
735,592
736,736
737,737
738,809
739,569
740,971
741,741
742,742
743,743
744,744
745,979
746,746
747,971
748,944
749,820
750,1
751,820
752,283
753,914
754,971
755,1
756,756
757,980
758,758
759,121
760,592
761,393
762,516
763,763
764,541
765,912
766,766
767,803
768,708
769,559
770,353
771,518
772,772
773,773
774,285
775,560
776,936
777,971
778,971
779,549
780,84
781,621
782,526
783,654
784,784
785,545
786,786
787,21
788,788
789,654
790,1
791,623
792,121
793,748
794,335
795,417
796,828
797,797
798,798
799,971
800,615
801,820
802,802
803,1001
804,971
805,971
806,809
807,303
808,808
809,971
810,321
811,340
812,991
813,544
814,344
815,880
816,953
817,817
818,549
819,461
820,970
821,160
822,953
823,971
824,191
825,923
826,1001
827,506
828,615
829,523
830,452
831,258
832,1001
833,833
834,107
835,789
836,836
837,837
838,45
839,377
840,840
841,841
842,211
843,567
844,971
845,953
846,846
847,981
848,445
849,859
850,546
851,907
852,852
853,82
854,420
855,549
856,950
857,301
858,1
859,963
860,978
861,350
862,777
863,1
864,411
865,865
866,411
867,411
868,320
869,841
870,425
871,231
872,707
873,425
874,425
875,1
876,564
877,812
878,35
879,1
880,949
881,96
882,166
883,883
884,884
885,887
886,59
887,887
888,412
889,828
890,890
891,892
892,896
893,971
894,327
895,417
896,896
897,263
898,898
899,2
900,978
901,1
902,5
903,907
904,321
905,905
906,546
907,936
908,922
909,493
910,65
911,222
912,526
913,956
914,914
915,38
916,414
917,974
918,1000
919,981
920,435
921,930
922,956
923,923
924,845
925,981
926,963
927,963
928,211
929,933
930,963
931,963
932,963
933,956
934,549
935,936
936,936
937,937
938,611
939,572
940,128
941,1
942,435
943,1
944,1
945,945
946,641
947,947
948,381
949,949
950,963
951,957
952,952
953,845
954,615
955,955
956,933
957,951
958,962
959,377
960,377
961,377
962,958
963,963
964,373
965,936
966,189
967,913
968,968
969,509
970,820
971,971
972,913
973,971
974,918
975,971
976,976
977,977
978,860
979,979
980,980
981,981
982,1
983,333
984,333
985,376
986,470
987,914
988,411
989,989
990,1001
991,859
992,992
993,408
994,6
995,1
996,12
997,953
998,65
999,145
1000,918
1001,826
1002,560
1003,258
1004,55
0,734
1,979
2,1001
3,971
4,1001
5,980
6,1001
7,856
8,971
9,971
10,971
11,956
12,996
13,980
14,1000
15,933
16,828
17,932
18,797
19,957
20,971
21,932
22,686
23,953
24,609
25,654
26,971
27,917
28,953
29,971
30,820
31,932
32,883
33,590
34,545
35,953
36,914
37,667
38,592
39,883
40,919
41,932
42,820
43,569
44,932
45,932
46,933
47,981
48,981
49,643
50,654
51,970
52,820
53,922
54,949
55,949
56,949
57,949
58,963
59,949
60,947
61,872
62,859
63,971
64,980
65,840
66,513
67,549
68,932
69,958
70,932
71,612
72,524
73,756
74,950
75,753
76,981
77,932
78,581
79,922
80,880
81,952
82,963
83,963
84,662
85,872
86,963
87,974
88,810
89,933
90,494
91,514
92,887
93,971
94,974
95,942
96,924
97,768
98,932
99,768
100,935
101,768
102,832
103,537
104,549
105,914
106,979
107,963
108,971
109,424
110,478
111,478
112,896
113,981
114,981
115,932
116,914
117,613
118,756
119,980
120,380
121,963
122,515
123,860
124,908
125,937
126,812
127,491
128,974
129,992
130,936
131,963
132,859
133,971
134,777
135,914
136,820
137,982
138,990
139,933
140,929
141,957
142,963
143,820
144,615
145,999
146,615
147,932
148,434
149,655
150,820
151,816
152,726
153,932
154,963
155,855
156,907
157,880
158,963
159,963
160,963
161,667
162,859
163,932
164,929
165,978
166,1000
167,936
168,936
169,932
170,979
171,981
172,847
173,932
174,971
175,685
176,611
177,905
178,539
179,971
180,932
181,947
182,872
183,956
184,971
185,800
186,856
187,671
188,971
189,941
190,971
191,907
192,832
193,1001
194,1001
195,859
196,971
197,918
198,820
199,918
200,918
201,918
202,820
203,829
204,936
205,925
206,1000
207,918
208,930
209,963
210,963
211,949
212,932
213,957
214,851
215,905
216,971
217,886
218,596
219,483
220,377
221,745
222,905
223,756
224,560
225,756
226,892
227,932
228,695
229,721
230,920
231,936
232,1000
233,932
234,963
235,971
236,963
237,963
238,963
239,373
240,963
241,963
242,963
243,963
244,963
245,981
246,856
247,707
248,549
249,932
250,741
251,971
252,949
253,932
254,932
255,932
256,820
257,568
258,1003
259,818
260,509
261,980
262,907
263,981
264,856
265,957
266,754
267,707
268,756
269,933
270,611
271,949
272,812
273,886
274,678
275,835
276,568
277,971
278,621
279,333
280,922
281,949
282,812
283,932
284,971
285,949
286,880
287,896
288,613
289,482
290,936
291,543
292,1000
293,856
294,931
295,943
296,932
297,905
298,812
299,855
300,896
301,963
302,809
303,932
304,971
305,949
306,858
307,971
308,880
309,905
310,932
311,905
312,841
313,560
314,892
315,695
316,979
317,695
318,981
319,963
320,616
321,971
322,933
323,768
324,971
325,971
326,932
327,945
328,560
329,989
330,860
331,856
332,971
333,981
334,933
335,933
336,971
337,883
338,932
339,883
340,932
341,560
342,851
343,971
344,381
345,681
346,820
347,814
348,349
349,644
350,939
351,518
352,851
353,828
354,404
355,932
356,896
357,615
358,913
359,951
360,971
361,981
362,956
363,577
364,433
365,833
366,886
367,980
368,896
369,304
370,725
371,932
372,494
373,812
374,856
375,896
376,869
377,947
378,491
379,719
380,537
381,548
382,393
383,383
384,495
385,395
386,560
387,485
388,394
389,611
390,756
391,971
392,588
393,932
394,947
395,908
396,395
397,869
398,379
399,813
400,971
401,971
402,420
403,971
404,963
405,896
406,971
407,856
408,859
409,506
410,486
411,981
412,991
413,813
414,443
415,852
416,971
417,981
418,747
419,932
420,932
421,856
422,820
423,981
424,820
425,714
426,840
427,980
428,812
429,933
430,971
431,756
432,433
433,433
434,859
435,440
436,438
437,860
438,900
439,338
440,840
441,720
442,981
443,981
444,981
445,917
446,933
447,933
448,971
449,414
450,813
451,569
452,971
453,932
454,357
455,981
456,456
457,971
458,813
459,759
460,748
461,812
462,546
463,463
464,847
465,809
466,971
467,971
468,730
469,478
470,980
471,810
472,610
473,963
474,950
475,375
476,478
477,478
478,652
479,479
480,971
481,949
482,820
483,917
484,936
485,981
486,820
487,922
488,971
489,932
490,932
491,892
492,932
493,932
494,918
495,932
496,602
497,811
498,922
499,922
500,699
501,569
502,661
503,506
504,971
505,971
506,971
507,507
508,747
509,969
510,674
511,949
512,512
513,747
514,971
515,817
516,743
517,743
518,954
519,809
520,991
521,823
522,563
523,836
524,1
525,951
526,840
527,981
528,644
529,922
530,538
531,932
532,552
533,906
534,813
535,777
536,601
537,613
538,777
539,531
540,971
541,641
542,544
543,813
544,932
545,588
546,970
547,981
548,607
549,747
550,747
551,733
552,949
553,598
554,971
555,856
556,556
557,917
558,856
559,559
560,922
561,462
562,840
563,822
564,748
565,754
566,971
567,567
568,568
569,971
570,971
571,552
572,939
573,856
574,425
575,851
576,932
577,363
578,577
579,592
580,580
581,872
582,971
583,521
584,563
585,813
586,932
587,832
588,600
589,638
590,953
591,591
592,933
593,974
594,372
595,52
596,596
597,932
598,598
599,242
600,813
601,886
602,707
603,414
604,546
605,851
606,495
607,695
608,971
609,609
610,610
611,938
612,963
613,793
614,756
615,800
616,602
617,618
618,820
619,613
620,620
621,518
622,238
623,813
624,651
625,412
626,87
627,971
628,628
629,440
630,630
631,631
632,632
633,633
634,634
635,812
636,636
637,637
638,638
639,639
640,937
641,641
642,932
643,963
644,820
645,645
646,646
647,685
648,648
649,649
650,215
651,651
652,478
653,653
654,820
655,655
656,380
657,269
658,658
659,659
660,660
661,856
662,662
663,747
664,664
665,886
666,666
667,747
668,157
669,783
670,670
671,932
672,971
673,673
674,754
675,675
676,447
677,434
678,678
679,971
680,380
681,851
682,681
683,683
684,684
685,949
686,564
687,404
688,543
689,689
690,690
691,691
692,231
693,366
694,664
695,971
696,307
697,697
698,949
699,971
700,971
701,462
702,932
703,703
704,704
705,705
706,936
707,957
708,748
709,404
710,971
711,711
712,995
713,509
714,813
715,799
716,716
717,788
718,305
719,841
720,856
721,721
722,278
723,971
724,338
725,486
726,726
727,483
728,885
729,971
730,730
731,731
732,732
733,777
734,695
735,592
736,736
737,737
738,809
739,569
740,971
741,741
742,742
743,743
744,744
745,979
746,746
747,971
748,944
749,820
750,1
751,820
752,283
753,914
754,971
755,1
756,756
757,980
758,758
759,121
760,592
761,393
762,516
763,763
764,541
765,912
766,766
767,803
768,708
769,559
770,353
771,518
772,772
773,773
774,285
775,560
776,936
777,971
778,971
779,549
780,84
781,621
782,526
783,654
784,784
785,545
786,786
787,21
788,788
789,654
790,1
791,623
792,121
793,748
794,335
795,417
796,828
797,797
798,798
799,971
800,615
801,820
802,802
803,1001
804,971
805,971
806,809
807,303
808,808
809,971
810,321
811,340
812,991
813,544
814,344
815,880
816,953
817,817
818,549
819,461
820,970
821,160
822,953
823,971
824,191
825,923
826,1001
827,506
828,615
829,523
830,452
831,258
832,1001
833,833
834,107
835,789
836,836
837,837
838,45
839,377
840,840
841,841
842,211
843,567
844,971
845,953
846,846
847,981
848,445
849,859
850,546
851,907
852,852
853,82
854,420
855,549
856,950
857,301
858,1
859,963
860,978
861,350
862,777
863,1
864,411
865,865
866,411
867,411
868,320
869,841
870,425
871,231
872,707
873,425
874,425
875,1
876,564
877,812
878,35
879,1
880,949
881,96
882,166
883,883
884,884
885,887
886,59
887,887
888,412
889,828
890,890
891,892
892,896
893,971
894,327
895,417
896,896
897,263
898,898
899,2
900,978
901,1
902,5
903,907
904,321
905,905
906,546
907,936
908,922
909,493
910,65
911,222
912,526
913,956
914,914
915,38
916,414
917,974
918,1000
919,981
920,435
921,930
922,956
923,923
924,845
925,981
926,963
927,963
928,211
929,933
930,963
931,963
932,963
933,956
934,549
935,936
936,936
937,937
938,611
939,572
940,128
941,1
942,435
943,1
944,1
945,945
946,641
947,947
948,381
949,949
950,963
951,957
952,952
953,845
954,615
955,955
956,933
957,951
958,962
959,377
960,377
961,377
962,958
963,963
964,373
965,936
966,189
967,913
968,968
969,509
970,820
971,971
972,913
973,971
974,918
975,971
976,976
977,977
978,860
979,979
980,980
981,981
982,1
983,333
984,333
985,376
986,470
987,914
988,411
989,989
990,1001
991,859
992,992
993,408
994,6
995,1
996,12
997,953
998,65
999,145
1000,918
1001,826
1002,560
1003,258
1004,55
0,734
1,979
2,1001
3,971
4,1001
5,980
6,1001
7,856
8,971
9,971
10,971
11,956
12,996
13,980
14,1000
15,933
16,828
17,932
18,797
19,957
20,971
21,932
22,686
23,953
24,609
25,654
26,971
27,917
28,953
29,971
30,820
31,932
32,883
33,590
34,545
35,953
36,914
37,667
38,592
39,883
40,919
41,932
42,820
43,569
44,932
45,932
46,933
47,981
48,981
49,643
50,654
51,970
52,820
53,922
54,949
55,949
56,949
57,949
58,963
59,949
60,947
61,872
62,859
63,971
64,980
65,840
66,513
67,549
68,932
69,958
70,932
71,612
72,524
73,756
74,950
75,753
76,981
77,932
78,581
79,922
80,880
81,952
82,963
83,963
84,662
85,872
86,963
87,974
88,810
89,933
90,494
91,514
92,887
93,971
94,974
95,942
96,924
97,768
98,932
99,768
100,935
101,768
102,832
103,537
104,549
105,914
106,979
107,963
108,971
109,424
110,478
111,478
112,896
113,981
114,981
115,932
116,914
117,613
118,756
119,980
120,380
121,963
122,515
123,860
124,908
125,937
126,812
127,491
128,974
129,992
130,936
131,963
132,859
133,971
134,777
135,914
136,820
137,982
138,990
139,933
140,929
141,957
142,963
143,820
144,615
145,999
146,615
147,932
148,434
149,655
150,820
151,816
152,726
153,932
154,963
155,855
156,907
157,880
158,963
159,963
160,963
161,667
162,859
163,932
164,929
165,978
166,1000
167,936
168,936
169,932
170,979
171,981
172,847
173,932
174,971
175,685
176,611
177,905
178,539
179,971
180,932
181,947
182,872
183,956
184,971
185,800
186,856
187,671
188,971
189,941
190,971
191,907
192,832
193,1001
194,1001
195,859
196,971
197,918
198,820
199,918
200,918
201,918
202,820
203,829
204,936
205,925
206,1000
207,918
208,930
209,963
210,963
211,949
212,932
213,957
214,851
215,905
216,971
217,886
218,596
219,483
220,377
221,745
222,905
223,756
224,560
225,756
226,892
227,932
228,695
229,721
230,920
231,936
232,1000
233,932
234,963
235,971
236,963
237,963
238,963
239,373
240,963
241,963
242,963
243,963
244,963
245,981
246,856
247,707
248,549
249,932
250,741
251,971
252,949
253,932
254,932
255,932
256,820
257,568
258,1003
259,818
260,509
261,980
262,907
263,981
264,856
265,957
266,754
267,707
268,756
269,933
270,611
271,949
272,812
273,886
274,678
275,835
276,568
277,971
278,621
279,333
280,922
281,949
282,812
283,932
284,971
285,949
286,880
287,896
288,613
289,482
290,936
291,543
292,1000
293,856
294,931
295,943
296,932
297,905
298,812
299,855
300,896
301,963
302,809
303,932
304,971
305,949
306,858
307,971
308,880
309,905
310,932
311,905
312,841
313,560
314,892
315,695
316,979
317,695
318,981
319,963
320,616
321,971
322,933
323,768
324,971
325,971
326,932
327,945
328,560
329,989
330,860
331,856
332,971
333,981
334,933
335,933
336,971
337,883
338,932
339,883
340,932
341,560
342,851
343,971
344,381
345,681
346,820
347,814
348,349
349,644
350,939
351,518
352,851
353,828
354,404
355,932
356,896
357,615
358,913
359,951
360,971
361,981
362,956
363,577
364,433
365,833
366,886
367,980
368,896
369,304
370,725
371,932
372,494
373,812
374,856
375,896
376,869
377,947
378,491
379,719
380,537
381,548
382,393
383,383
384,495
385,395
386,560
387,485
388,394
389,611
390,756
391,971
392,588
393,932
394,947
395,908
396,395
397,869
398,379
399,813
400,971
401,971
402,420
403,971
404,963
405,896
406,971
407,856
408,859
409,506
410,486
411,981
412,991
413,813
414,443
415,852
416,971
417,981
418,747
419,932
420,932
421,856
422,820
423,981
424,820
425,714
426,840
427,980
428,812
429,933
430,971
431,756
432,433
433,433
434,859
435,440
436,438
437,860
438,900
439,338
440,840
441,720
442,981
443,981
444,981
445,917
446,933
447,933
448,971
449,414
450,813
451,569
452,971
453,932
454,357
455,981
456,456
457,971
458,813
459,759
460,748
461,812
462,546
463,463
464,847
465,809
466,971
467,971
468,730
469,478
470,980
471,810
472,610
473,963
474,950
475,375
476,478
477,478
478,652
479,479
480,971
481,949
482,820
483,917
484,936
485,981
486,820
487,922
488,971
489,932
490,932
491,892
492,932
493,932
494,918
495,932
496,602
497,811
498,922
499,922
500,699
501,569
502,661
503,506
504,971
505,971
506,971
507,507
508,747
509,969
510,674
511,949
512,512
513,747
514,971
515,817
516,743
517,743
518,954
519,809
520,991
521,823
522,563
523,836
524,1
525,951
526,840
527,981
528,644
529,922
530,538
531,932
532,552
533,906
534,813
535,777
536,601
537,613
538,777
539,531
540,971
541,641
542,544
543,813
544,932
545,588
546,970
547,981
548,607
549,747
550,747
551,733
552,949
553,598
554,971
555,856
556,556
557,917
558,856
559,559
560,922
561,462
562,840
563,822
564,748
565,754
566,971
567,567
568,568
569,971
570,971
571,552
572,939
573,856
574,425
575,851
576,932
577,363
578,577
579,592
580,580
581,872
582,971
583,521
584,563
585,813
586,932
587,832
588,600
589,638
590,953
591,591
592,933
593,974
594,372
595,52
596,596
597,932
598,598
599,242
600,813
601,886
602,707
603,414
604,546
605,851
606,495
607,695
608,971
609,609
610,610
611,938
612,963
613,793
614,756
615,800
616,602
617,618
618,820
619,613
620,620
621,518
622,238
623,813
624,651
625,412
626,87
627,971
628,628
629,440
630,630
631,631
632,632
633,633
634,634
635,812
636,636
637,637
638,638
639,639
640,937
641,641
642,932
643,963
644,820
645,645
646,646
647,685
648,648
649,649
650,215
651,651
652,478
653,653
654,820
655,655
656,380
657,269
658,658
659,659
660,660
661,856
662,662
663,747
664,664
665,886
666,666
667,747
668,157
669,783
670,670
671,932
672,971
673,673
674,754
675,675
676,447
677,434
678,678
679,971
680,380
681,851
682,681
683,683
684,684
685,949
686,564
687,404
688,543
689,689
690,690
691,691
692,231
693,366
694,664
695,971
696,307
697,697
698,949
699,971
700,971
701,462
702,932
703,703
704,704
705,705
706,936
707,957
708,748
709,404
710,971
711,711
712,995
713,509
714,813
715,799
716,716
717,788
718,305
719,841
720,856
721,721
722,278
723,971
724,338
725,486
726,726
727,483
728,885
729,971
730,730
731,731
732,732
733,777
734,695
735,592
736,736
737,737
738,809
739,569
740,971
741,741
742,742
743,743
744,744
745,979
746,746
747,971
748,944
749,820
750,1
751,820
752,283
753,914
754,971
755,1
756,756
757,980
758,758
759,121
760,592
761,393
762,516
763,763
764,541
765,912
766,766
767,803
768,708
769,559
770,353
771,518
772,772
773,773
774,285
775,560
776,936
777,971
778,971
779,549
780,84
781,621
782,526
783,654
784,784
785,545
786,786
787,21
788,788
789,654
790,1
791,623
792,121
793,748
794,335
795,417
796,828
797,797
798,798
799,971
800,615
801,820
802,802
803,1001
804,971
805,971
806,809
807,303
808,808
809,971
810,321
811,340
812,991
813,544
814,344
815,880
816,953
817,817
818,549
819,461
820,970
821,160
822,953
823,971
824,191
825,923
826,1001
827,506
828,615
829,523
830,452
831,258
832,1001
833,833
834,107
835,789
836,836
837,837
838,45
839,377
840,840
841,841
842,211
843,567
844,971
845,953
846,846
847,981
848,445
849,859
850,546
851,907
852,852
853,82
854,420
855,549
856,950
857,301
858,1
859,963
860,978
861,350
862,777
863,1
864,411
865,865
866,411
867,411
868,320
869,841
870,425
871,231
872,707
873,425
874,425
875,1
876,564
877,812
878,35
879,1
880,949
881,96
882,166
883,883
884,884
885,887
886,59
887,887
888,412
889,828
890,890
891,892
892,896
893,971
894,327
895,417
896,896
897,263
898,898
899,2
900,978
901,1
902,5
903,907
904,321
905,905
906,546
907,936
908,922
909,493
910,65
911,222
912,526
913,956
914,914
915,38
916,414
917,974
918,1000
919,981
920,435
921,930
922,956
923,923
924,845
925,981
926,963
927,963
928,211
929,933
930,963
931,963
932,963
933,956
934,549
935,936
936,936
937,937
938,611
939,572
940,128
941,1
942,435
943,1
944,1
945,945
946,641
947,947
948,381
949,949
950,963
951,957
952,952
953,845
954,615
955,955
956,933
957,951
958,962
959,377
960,377
961,377
962,958
963,963
964,373
965,936
966,189
967,913
968,968
969,509
970,820
971,971
972,913
973,971
974,918
975,971
976,976
977,977
978,860
979,979
980,980
981,981
982,1
983,333
984,333
985,376
986,470
987,914
988,411
989,989
990,1001
991,859
992,992
993,408
994,6
995,1
996,12
997,953
998,65
999,145
1000,918
1001,826
1002,560
1003,258
1004,55
0,734
1,979
2,1001
3,971
4,1001
5,980
6,1001
7,856
8,971
9,971
10,971
11,956
12,996
13,980
14,1000
15,933
16,828
17,932
18,797
19,957
20,971
21,932
22,686
23,953
24,609
25,654
26,971
27,917
28,953
29,971
30,820
31,932
32,883
33,590
34,545
35,953
36,914
37,667
38,592
39,883
40,919
41,932
42,820
43,569
44,932
45,932
46,933
47,981
48,981
49,643
50,654
51,970
52,820
53,922
54,949
55,949
56,949
57,949
58,963
59,949
60,947
61,872
62,859
63,971
64,980
65,840
66,513
67,549
68,932
69,958
70,932
71,612
72,524
73,756
74,950
75,753
76,981
77,932
78,581
79,922
80,880
81,952
82,963
83,963
84,662
85,872
86,963
87,974
88,810
89,933
90,494
91,514
92,887
93,971
94,974
95,942
96,924
97,768
98,932
99,768
100,935
101,768
102,832
103,537
104,549
105,914
106,979
107,963
108,971
109,424
110,478
111,478
112,896
113,981
114,981
115,932
116,914
117,613
118,756
119,980
120,380
121,963
122,515
123,860
124,908
125,937
126,812
127,491
128,974
129,992
130,936
131,963
132,859
133,971
134,777
135,914
136,820
137,982
138,990
139,933
140,929
141,957
142,963
143,820
144,615
145,999
146,615
147,932
148,434
149,655
150,820
151,816
152,726
153,932
154,963
155,855
156,907
157,880
158,963
159,963
160,963
161,667
162,859
163,932
164,929
165,978
166,1000
167,936
168,936
169,932
170,979
171,981
172,847
173,932
174,971
175,685
176,611
177,905
178,539
179,971
180,932
181,947
182,872
183,956
184,971
185,800
186,856
187,671
188,971
189,941
190,971
191,907
192,832
193,1001
194,1001
195,859
196,971
197,918
198,820
199,918
200,918
201,918
202,820
203,829
204,936
205,925
206,1000
207,918
208,930
209,963
210,963
211,949
212,932
213,957
214,851
215,905
216,971
217,886
218,596
219,483
220,377
221,745
222,905
223,756
224,560
225,756
226,892
227,932
228,695
229,721
230,920
231,936
232,1000
233,932
234,963
235,971
236,963
237,963
238,963
239,373
240,963
241,963
242,963
243,963
244,963
245,981
246,856
247,707
248,549
249,932
250,741
251,971
252,949
253,932
254,932
255,932
256,820
257,568
258,1003
259,818
260,509
261,980
262,907
263,981
264,856
265,957
266,754
267,707
268,756
269,933
270,611
271,949
272,812
273,886
274,678
275,835
276,568
277,971
278,621
279,333
280,922
281,949
282,812
283,932
284,971
285,949
286,880
287,896
288,613
289,482
290,936
291,543
292,1000
293,856
294,931
295,943
296,932
297,905
298,812
299,855
300,896
301,963
302,809
303,932
304,971
305,949
306,858
307,971
308,880
309,905
310,932
311,905
312,841
313,560
314,892
315,695
316,979
317,695
318,981
319,963
320,616
321,971
322,933
323,768
324,971
325,971
326,932
327,945
328,560
329,989
330,860
331,856
332,971
333,981
334,933
335,933
336,971
337,883
338,932
339,883
340,932
341,560
342,851
343,971
344,381
345,681
346,820
347,814
348,349
349,644
350,939
351,518
352,851
353,828
354,404
355,932
356,896
357,615
358,913
359,951
360,971
361,981
362,956
363,577
364,433
365,833
366,886
367,980
368,896
369,304
370,725
371,932
372,494
373,812
374,856
375,896
376,869
377,947
378,491
379,719
380,537
381,548
382,393
383,383
384,495
385,395
386,560
387,485
388,394
389,611
390,756
391,971
392,588
393,932
394,947
395,908
396,395
397,869
398,379
399,813
400,971
401,971
402,420
403,971
404,963
405,896
406,971
407,856
408,859
409,506
410,486
411,981
412,991
413,813
414,443
415,852
416,971
417,981
418,747
419,932
420,932
421,856
422,820
423,981
424,820
425,714
426,840
427,980
428,812
429,933
430,971
431,756
432,433
433,433
434,859
435,440
436,438
437,860
438,900
439,338
440,840
441,720
442,981
443,981
444,981
445,917
446,933
447,933
448,971
449,414
450,813
451,569
452,971
453,932
454,357
455,981
456,456
457,971
458,813
459,759
460,748
461,812
462,546
463,463
464,847
465,809
466,971
467,971
468,730
469,478
470,980
471,810
472,610
473,963
474,950
475,375
476,478
477,478
478,652
479,479
480,971
481,949
482,820
483,917
484,936
485,981
486,820
487,922
488,971
489,932
490,932
491,892
492,932
493,932
494,918
495,932
496,602
497,811
498,922
499,922
500,699
501,569
502,661
503,506
504,971
505,971
506,971
507,507
508,747
509,969
510,674
511,949
512,512
513,747
514,971
515,817
516,743
517,743
518,954
519,809
520,991
521,823
522,563
523,836
524,1
525,951
526,840
527,981
528,644
529,922
530,538
531,932
532,552
533,906
534,813
535,777
536,601
537,613
538,777
539,531
540,971
541,641
542,544
543,813
544,932
545,588
546,970
547,981
548,607
549,747
550,747
551,733
552,949
553,598
554,971
555,856
556,556
557,917
558,856
559,559
560,922
561,462
562,840
563,822
564,748
565,754
566,971
567,567
568,568
569,971
570,971
571,552
572,939
573,856
574,425
575,851
576,932
577,363
578,577
579,592
580,580
581,872
582,971
583,521
584,563
585,813
586,932
587,832
588,600
589,638
590,953
591,591
592,933
593,974
594,372
595,52
596,596
597,932
598,598
599,242
600,813
601,886
602,707
603,414
604,546
605,851
606,495
607,695
608,971
609,609
610,610
611,938
612,963
613,793
614,756
615,800
616,602
617,618
618,820
619,613
620,620
621,518
622,238
623,813
624,651
625,412
626,87
627,971
628,628
629,440
630,630
631,631
632,632
633,633
634,634
635,812
636,636
637,637
638,638
639,639
640,937
641,641
642,932
643,963
644,820
645,645
646,646
647,685
648,648
649,649
650,215
651,651
652,478
653,653
654,820
655,655
656,380
657,269
658,658
659,659
660,660
661,856
662,662
663,747
664,664
665,886
666,666
667,747
668,157
669,783
670,670
671,932
672,971
673,673
674,754
675,675
676,447
677,434
678,678
679,971
680,380
681,851
682,681
683,683
684,684
685,949
686,564
687,404
688,543
689,689
690,690
691,691
692,231
693,366
694,664
695,971
696,307
697,697
698,949
699,971
700,971
701,462
702,932
703,703
704,704
705,705
706,936
707,957
708,748
709,404
710,971
711,711
712,995
713,509
714,813
715,799
716,716
717,788
718,305
719,841
720,856
721,721
722,278
723,971
724,338
725,486
726,726
727,483
728,885
729,971
730,730
731,731
732,732
733,777
734,695
735,592
736,736
737,737
738,809
739,569
740,971
741,741
742,742
743,743
744,744
745,979
746,746
747,971
748,944
749,820
750,1
751,820
752,283
753,914
754,971
755,1
756,756
757,980
758,758
759,121
760,592
761,393
762,516
763,763
764,541
765,912
766,766
767,803
768,708
769,559
770,353
771,518
772,772
773,773
774,285
775,560
776,936
777,971
778,971
779,549
780,84
781,621
782,526
783,654
784,784
785,545
786,786
787,21
788,788
789,654
790,1
791,623
792,121
793,748
794,335
795,417
796,828
797,797
798,798
799,971
800,615
801,820
802,802
803,1001
804,971
805,971
806,809
807,303
808,808
809,971
810,321
811,340
812,991
813,544
814,344
815,880
816,953
817,817
818,549
819,461
820,970
821,160
822,953
823,971
824,191
825,923
826,1001
827,506
828,615
829,523
830,452
831,258
832,1001
833,833
834,107
835,789
836,836
837,837
838,45
839,377
840,840
841,841
842,211
843,567
844,971
845,953
846,846
847,981
848,445
849,859
850,546
851,907
852,852
853,82
854,420
855,549
856,950
857,301
858,1
859,963
860,978
861,350
862,777
863,1
864,411
865,865
866,411
867,411
868,320
869,841
870,425
871,231
872,707
873,425
874,425
875,1
876,564
877,812
878,35
879,1
880,949
881,96
882,166
883,883
884,884
885,887
886,59
887,887
888,412
889,828
890,890
891,892
892,896
893,971
894,327
895,417
896,896
897,263
898,898
899,2
900,978
901,1
902,5
903,907
904,321
905,905
906,546
907,936
908,922
909,493
910,65
911,222
912,526
913,956
914,914
915,38
916,414
917,974
918,1000
919,981
920,435
921,930
922,956
923,923
924,845
925,981
926,963
927,963
928,211
929,933
930,963
931,963
932,963
933,956
934,549
935,936
936,936
937,937
938,611
939,572
940,128
941,1
942,435
943,1
944,1
945,945
946,641
947,947
948,381
949,949
950,963
951,957
952,952
953,845
954,615
955,955
956,933
957,951
958,962
959,377
960,377
961,377
962,958
963,963
964,373
965,936
966,189
967,913
968,968
969,509
970,820
971,971
972,913
973,971
974,918
975,971
976,976
977,977
978,860
979,979
980,980
981,981
982,1
983,333
984,333
985,376
986,470
987,914
988,411
989,989
990,1001
991,859
992,992
993,408
994,6
995,1
996,12
997,953
998,65
999,145
1000,918
1001,826
1002,560
1003,258
1004,55
