(0,6)
(1,1)
(2,31)
(3,13)
(4,18)
(5,25)
(6,20)
(7,12)
(8,4)
(9,3)
(703,1)
(704,1)
(705,1)
(707,1)
(711,1)
(716,1)
(717,1)
(602,2)
(723,1)
(607,1)
(608,3)
(610,2)
(611,1)
(612,4)
(613,3)
(616,2)
(617,1)
(619,1)
(620,1)
(621,1)
(623,1)
(502,1)
(504,1)
(506,8)
(627,1)
(507,1)
(628,1)
(508,5)
(629,1)
(630,1)
(631,1)
(510,2)
(632,1)
(511,1)
(512,1)
(633,1)
(513,6)
(634,2)
(514,1)
(635,9)
(515,4)
(636,1)
(516,5)
(637,1)
(638,18)
(518,1)
(519,1)
(520,9)
(641,1)
(400,3)
(521,7)
(642,1)
(522,1)
(401,6)
(644,1)
(402,1)
(523,1)
(524,1)
(645,1)
(403,1)
(404,27)
(646,1)
(525,7)
(405,3)
(526,6)
(647,1)
(406,1)
(527,9)
(648,1)
(528,4)
(408,13)
(529,4)
(409,6)
(650,1)
(651,2)
(410,2)
(531,1)
(652,1)
(411,5)
(653,1)
(412,8)
(533,2)
(654,1)
(534,3)
(413,9)
(655,1)
(414,6)
(535,1)
(536,1)
(537,3)
(416,1)
(658,1)
(417,19)
(659,1)
(538,3)
(418,6)
(539,2)
(419,9)
(660,1)
(661,2)
(420,8)
(541,3)
(662,2)
(300,6)
(542,14)
(421,2)
(663,4)
(301,13)
(422,2)
(543,6)
(302,6)
(423,5)
(544,1)
(665,6)
(303,21)
(424,14)
(545,2)
(666,3)
(304,3)
(425,4)
(546,3)
(667,4)
(305,13)
(547,4)
(426,1)
(306,4)
(427,9)
(548,1)
(669,1)
(428,8)
(549,10)
(429,11)
(308,4)
(309,9)
(670,1)
(671,1)
(550,1)
(430,8)
(551,2)
(310,3)
(431,1)
(552,3)
(311,5)
(553,3)
(312,3)
(554,6)
(433,11)
(675,1)
(434,36)
(435,2)
(314,5)
(556,3)
(557,2)
(437,4)
(316,6)
(679,2)
(438,24)
(559,3)
(317,2)
(318,5)
(319,1)
(560,5)
(681,2)
(440,17)
(320,15)
(441,5)
(562,5)
(683,1)
(321,11)
(563,1)
(200,1)
(684,1)
(322,7)
(201,6)
(564,1)
(685,2)
(323,8)
(444,5)
(565,1)
(324,3)
(566,6)
(446,3)
(204,5)
(325,1)
(447,9)
(568,4)
(327,7)
(448,11)
(206,1)
(569,10)
(328,3)
(207,3)
(208,1)
(329,20)
(209,23)
(690,1)
(570,1)
(691,1)
(450,18)
(451,4)
(330,2)
(572,1)
(210,13)
(331,3)
(452,8)
(573,1)
(211,36)
(695,15)
(212,27)
(333,7)
(454,2)
(334,4)
(213,12)
(455,7)
(214,7)
(335,7)
(456,1)
(577,3)
(698,3)
(215,9)
(336,12)
(457,1)
(699,2)
(216,15)
(458,9)
(579,3)
(337,5)
(338,14)
(217,7)
(459,1)
(218,9)
(339,5)
(219,1)
(580,1)
(581,8)
(460,8)
(340,20)
(461,9)
(582,1)
(220,2)
(341,8)
(462,6)
(100,5)
(342,1)
(221,2)
(222,8)
(101,4)
(464,6)
(585,1)
(343,3)
(102,6)
(223,5)
(465,2)
(344,6)
(103,16)
(466,9)
(345,4)
(467,7)
(104,7)
(346,6)
(225,3)
(105,32)
(226,7)
(589,6)
(106,26)
(469,1)
(227,1)
(107,42)
(349,3)
(108,9)
(229,4)
(109,2)
(590,1)
(470,4)
(591,2)
(471,3)
(350,1)
(592,2)
(230,5)
(351,14)
(593,3)
(231,7)
(473,8)
(352,2)
(232,19)
(353,8)
(474,19)
(233,29)
(354,2)
(596,1)
(112,1)
(113,30)
(355,6)
(234,8)
(476,2)
(114,43)
(356,5)
(477,3)
(235,2)
(598,1)
(115,36)
(236,11)
(357,12)
(478,3)
(116,14)
(237,1)
(117,2)
(359,12)
(238,9)
(118,2)
(10,7)
(11,11)
(12,12)
(13,33)
(14,26)
(15,8)
(16,4)
(17,33)
(18,7)
(19,15)
(480,4)
(481,5)
(360,1)
(482,8)
(240,3)
(361,9)
(362,15)
(483,6)
(120,2)
(241,1)
(363,27)
(121,18)
(484,5)
(242,2)
(122,6)
(243,3)
(485,3)
(364,2)
(123,10)
(244,6)
(486,10)
(365,1)
(124,3)
(245,8)
(366,9)
(487,1)
(246,2)
(125,2)
(367,10)
(126,2)
(489,5)
(247,2)
(368,2)
(127,7)
(248,4)
(249,29)
(128,20)
(129,53)
(20,10)
(21,29)
(22,4)
(23,25)
(24,3)
(25,4)
(26,5)
(27,26)
(28,14)
(29,25)
(490,5)
(491,5)
(370,10)
(250,7)
(371,13)
(492,3)
(251,10)
(372,11)
(493,15)
(130,1)
(131,7)
(252,25)
(494,10)
(373,2)
(374,3)
(132,12)
(253,1)
(495,25)
(133,28)
(254,13)
(375,24)
(496,7)
(134,9)
(376,6)
(255,5)
(497,2)
(135,6)
(377,36)
(498,5)
(256,5)
(136,14)
(257,2)
(499,15)
(378,4)
(137,18)
(258,10)
(379,10)
(259,5)
(138,4)
(139,16)
(30,8)
(31,3)
(32,6)
(33,3)
(34,6)
(35,10)
(36,6)
(37,9)
(38,10)
(39,3)
(380,12)
(260,7)
(381,6)
(140,15)
(261,1)
(141,16)
(262,5)
(383,1)
(263,24)
(142,15)
(143,9)
(264,11)
(385,5)
(144,4)
(265,5)
(145,10)
(387,4)
(146,5)
(267,7)
(388,2)
(147,10)
(268,6)
(389,4)
(148,4)
(269,25)
(149,4)
(40,27)
(41,44)
(42,32)
(43,8)
(44,11)
(45,9)
(46,23)
(47,11)
(48,24)
(49,6)
(390,7)
(270,1)
(391,1)
(150,8)
(271,6)
(151,4)
(393,44)
(272,7)
(152,6)
(394,12)
(273,4)
(153,4)
(395,7)
(274,3)
(154,6)
(275,10)
(155,13)
(397,7)
(156,2)
(277,2)
(157,25)
(278,5)
(158,10)
(279,2)
(159,15)
(50,5)
(51,16)
(52,7)
(53,5)
(54,9)
(55,12)
(56,15)
(57,6)
(58,32)
(59,10)
(280,22)
(160,53)
(281,10)
(282,28)
(161,3)
(162,6)
(283,21)
(284,12)
(163,1)
(164,10)
(285,17)
(165,40)
(286,12)
(287,4)
(166,4)
(167,12)
(288,9)
(168,10)
(169,17)
(60,9)
(61,17)
(62,71)
(63,35)
(64,24)
(65,11)
(66,1)
(67,1)
(68,7)
(69,18)
(290,13)
(170,22)
(291,2)
(171,4)
(292,3)
(293,1)
(172,9)
(173,11)
(294,2)
(174,23)
(295,41)
(175,8)
(296,14)
(176,5)
(297,2)
(298,3)
(177,10)
(178,13)
(299,2)
(179,11)
(70,4)
(71,12)
(72,5)
(73,9)
(74,28)
(75,8)
(76,3)
(77,2)
(79,7)
(180,27)
(181,17)
(182,2)
(183,26)
(184,10)
(185,5)
(186,5)
(187,6)
(188,20)
(189,3)
(80,13)
(81,18)
(82,21)
(83,24)
(84,23)
(85,6)
(86,44)
(87,15)
(88,3)
(89,9)
(190,8)
(191,30)
(192,7)
(193,3)
(194,10)
(195,9)
(196,18)
(197,3)
(198,2)
(199,17)
(90,9)
(91,10)
(92,8)
(93,3)
(94,4)
(95,18)
(96,31)
(97,8)
(98,3)
(99,8)
(590,7)
(470,6)
(591,2)
(471,4)
(350,7)
(592,23)
(230,7)
(351,34)
(593,5)
(231,22)
(473,18)
(352,13)
(110,2)
(232,25)
(353,20)
(474,41)
(233,52)
(354,3)
(596,1)
(112,6)
(113,43)
(355,12)
(234,22)
(476,2)
(597,3)
(114,72)
(356,14)
(477,4)
(235,5)
(598,1)
(115,52)
(236,19)
(357,23)
(478,25)
(116,44)
(237,14)
(358,20)
(117,7)
(359,22)
(238,17)
(118,4)
(10,14)
(11,30)
(12,25)
(13,54)
(14,41)
(15,17)
(16,17)
(17,43)
(18,13)
(19,27)
(480,8)
(481,18)
(360,11)
(482,15)
(240,4)
(361,19)
(362,19)
(483,8)
(120,2)
(241,3)
(363,34)
(121,72)
(484,7)
(242,8)
(122,12)
(243,9)
(485,9)
(364,2)
(123,16)
(244,9)
(486,13)
(365,1)
(124,12)
(245,14)
(366,21)
(487,2)
(246,5)
(125,5)
(367,25)
(126,4)
(489,16)
(247,5)
(368,3)
(127,11)
(248,6)
(369,6)
(249,52)
(128,44)
(129,67)
(20,23)
(21,68)
(22,11)
(23,28)
(24,13)
(25,8)
(26,8)
(27,27)
(28,29)
(29,32)
(490,7)
(491,12)
(370,24)
(250,17)
(371,25)
(492,8)
(251,18)
(372,12)
(493,42)
(130,1)
(131,13)
(252,25)
(494,26)
(373,12)
(374,3)
(132,24)
(253,3)
(495,39)
(133,45)
(254,72)
(375,31)
(496,9)
(134,12)
(376,14)
(255,8)
(497,6)
(135,12)
(377,86)
(498,24)
(256,15)
(136,16)
(257,5)
(499,23)
(378,5)
(137,30)
(258,31)
(379,41)
(259,11)
(138,9)
(139,20)
(30,13)
(31,11)
(32,8)
(33,4)
(34,8)
(35,30)
(36,10)
(37,24)
(38,16)
(39,6)
(380,23)
(260,11)
(381,10)
(140,22)
(261,7)
(141,31)
(262,7)
(383,1)
(263,28)
(142,32)
(143,20)
(264,18)
(385,10)
(144,6)
(265,14)
(145,17)
(387,7)
(266,12)
(146,10)
(267,10)
(388,4)
(147,32)
(268,10)
(389,10)
(148,7)
(269,31)
(149,6)
(40,33)
(41,66)
(42,35)
(43,8)
(44,39)
(45,15)
(46,34)
(47,16)
(48,39)
(49,7)
(390,12)
(270,3)
(391,1)
(150,9)
(271,10)
(392,3)
(151,14)
(393,53)
(272,15)
(152,16)
(394,16)
(273,6)
(153,10)
(395,11)
(274,5)
(154,10)
(275,13)
(155,27)
(397,18)
(156,7)
(277,6)
(157,31)
(278,13)
(399,3)
(158,22)
(279,3)
(159,19)
(50,9)
(51,19)
(52,7)
(53,5)
(54,19)
(55,13)
(56,21)
(57,20)
(58,64)
(59,15)
(280,30)
(160,124)
(281,22)
(282,64)
(161,12)
(162,16)
(283,65)
(284,22)
(163,17)
(164,22)
(285,35)
(165,55)
(286,19)
(287,5)
(166,18)
(167,20)
(288,21)
(168,31)
(169,41)
(60,22)
(61,23)
(62,110)
(63,58)
(64,46)
(65,20)
(66,5)
(67,3)
(68,18)
(69,31)
(290,29)
(170,36)
(291,3)
(171,9)
(292,8)
(293,5)
(172,37)
(173,33)
(294,8)
(174,35)
(295,48)
(175,9)
(296,17)
(176,12)
(297,4)
(298,4)
(177,17)
(178,18)
(299,5)
(179,17)
(70,7)
(71,13)
(72,6)
(73,10)
(74,49)
(75,10)
(76,11)
(77,10)
(79,12)
(180,46)
(181,33)
(182,7)
(183,61)
(184,25)
(185,22)
(186,6)
(187,22)
(188,21)
(189,29)
(80,25)
(81,37)
(82,97)
(83,57)
(84,42)
(85,12)
(86,69)
(87,43)
(88,7)
(89,21)
(190,14)
(191,35)
(192,9)
(193,5)
(194,15)
(195,12)
(196,19)
(0,16)
(1,1)
(2,41)
(3,18)
(4,31)
(5,54)
(6,43)
(7,32)
(8,8)
(800,2)
(9,9)
(802,4)
(803,2)
(808,1)
(809,8)
(810,2)
(813,2)
(814,1)
(815,2)
(700,1)
(703,1)
(704,1)
(705,1)
(707,4)
(711,1)
(713,1)
(714,2)
(715,1)
(716,1)
(717,1)
(720,9)
(600,1)
(602,4)
(723,2)
(725,2)
(726,9)
(727,1)
(607,1)
(728,2)
(608,6)
(609,2)
(730,3)
(610,8)
(731,1)
(611,3)
(732,1)
(612,10)
(733,2)
(613,4)
(734,2)
(614,1)
(736,1)
(615,5)
(616,2)
(737,1)
(617,1)
(738,11)
(618,1)
(619,2)
(620,2)
(741,1)
(621,4)
(743,4)
(623,2)
(502,14)
(744,1)
(745,4)
(624,1)
(504,9)
(746,1)
(747,2)
(506,23)
(627,3)
(748,9)
(507,2)
(628,1)
(508,5)
(629,1)
(750,1)
(630,1)
(751,2)
(631,1)
(510,4)
(632,3)
(511,2)
(753,2)
(512,2)
(633,1)
(754,10)
(513,12)
(634,2)
(755,1)
(514,1)
(635,9)
(756,2)
(515,14)
(636,1)
(516,11)
(637,1)
(638,19)
(759,1)
(517,2)
(518,11)
(639,1)
(519,1)
(760,2)
(640,3)
(520,25)
(641,6)
(400,9)
(521,8)
(642,3)
(763,1)
(522,1)
(401,20)
(643,1)
(644,4)
(402,1)
(523,3)
(524,1)
(645,4)
(403,4)
(766,1)
(404,37)
(646,1)
(525,14)
(405,47)
(526,18)
(647,2)
(406,15)
(527,9)
(648,1)
(528,7)
(407,10)
(408,21)
(529,10)
(409,32)
(650,1)
(651,2)
(530,4)
(772,1)
(410,5)
(531,9)
(652,2)
(773,2)
(411,20)
(653,1)
(532,1)
(412,13)
(533,12)
(654,2)
(534,3)
(413,11)
(655,4)
(776,3)
(414,7)
(535,7)
(536,2)
(415,2)
(778,1)
(537,6)
(416,1)
(658,1)
(417,29)
(659,1)
(538,7)
(418,11)
(539,2)
(419,23)
(660,1)
(661,9)
(540,1)
(420,25)
(541,8)
(662,5)
(783,2)
(300,14)
(542,15)
(421,5)
(663,5)
(301,25)
(422,2)
(543,9)
(302,6)
(423,10)
(544,3)
(665,14)
(786,2)
(303,27)
(424,36)
(545,5)
(666,9)
(304,8)
(425,5)
(546,9)
(667,5)
(788,2)
(305,25)
(547,12)
(426,11)
(306,9)
(427,16)
(548,13)
(669,1)
(428,14)
(549,25)
(307,5)
(429,17)
(308,9)
(309,16)
(790,1)
(670,1)
(791,1)
(671,3)
(550,6)
(430,17)
(551,5)
(672,1)
(793,1)
(310,8)
(431,3)
(552,11)
(673,2)
(311,8)
(553,4)
(432,1)
(674,5)
(312,7)
(554,9)
(433,13)
(675,1)
(434,86)
(797,2)
(555,1)
(313,1)
(435,5)
(314,18)
(556,4)
(798,1)
(557,5)
(678,2)
(799,1)
(437,7)
(316,8)
(679,4)
(438,34)
(559,4)
(317,4)
(318,26)
(319,1)
(560,16)
(681,11)
(440,26)
(320,19)
(441,14)
(562,9)
(683,1)
(321,18)
(563,5)
(200,10)
(684,1)
(322,13)
(201,16)
(564,1)
(685,14)
(323,16)
(444,11)
(565,2)
(686,2)
(324,8)
(566,14)
(445,2)
(446,3)
(204,5)
(325,6)
(567,1)
(447,15)
(568,10)
(326,3)
(205,2)
(689,1)
(327,10)
(448,15)
(206,6)
(569,22)
(328,9)
(207,5)
(208,2)
(329,45)
(209,29)
(690,6)
(570,10)
(691,1)
(450,38)
(451,5)
(330,3)
(572,4)
(210,27)
(331,15)
(452,16)
(573,3)
(211,60)
(695,20)
(453,3)
(332,3)
(212,77)
(333,23)
(454,3)
(197,6)
(198,6)
(199,24)
(90,13)
(91,17)
(92,18)
(93,11)
(94,8)
(95,21)
(96,39)
(97,17)
(98,9)
(99,13)
(334,8)
(213,20)
(455,18)
(697,1)
(214,16)
(335,10)
(456,1)
(577,6)
(698,8)
(215,30)
(336,14)
(457,2)
(699,3)
(216,17)
(458,16)
(579,4)
(337,14)
(338,29)
(217,17)
(459,5)
(218,38)
(339,32)
(219,1)
(580,1)
(581,8)
(460,13)
(340,33)
(461,17)
(582,3)
(220,2)
(341,8)
(462,13)
(100,12)
(342,6)
(221,9)
(463,1)
(222,12)
(101,10)
(464,13)
(585,2)
(343,5)
(102,11)
(223,19)
(465,2)
(344,8)
(103,20)
(466,19)
(345,12)
(587,2)
(224,1)
(467,9)
(104,10)
(346,11)
(225,10)
(588,4)
(105,56)
(226,22)
(589,12)
(347,1)
(106,46)
(469,4)
(227,1)
(348,1)
(107,77)
(349,5)
(108,30)
(229,15)
(109,3)
(0,30)
(1,1)
(2,59)
(3,26)
(4,47)
(5,88)
(6,58)
(7,49)
(8,19)
(800,2)
(9,17)
(802,4)
(803,5)
(806,4)
(808,1)
(809,24)
(810,10)
(811,2)
(813,24)
(814,3)
(815,16)
(816,5)
(817,1)
(818,4)
(820,56)
(700,8)
(821,1)
(822,6)
(823,2)
(703,1)
(824,1)
(704,1)
(825,1)
(705,2)
(826,12)
(706,2)
(707,9)
(828,10)
(829,2)
(708,3)
(711,1)
(832,11)
(833,1)
(713,1)
(714,5)
(835,1)
(715,1)
(836,1)
(716,1)
(837,1)
(717,1)
(839,1)
(719,2)
(720,16)
(841,2)
(600,3)
(721,2)
(601,2)
(843,1)
(602,12)
(723,5)
(844,1)
(845,4)
(725,3)
(846,1)
(726,9)
(847,6)
(727,1)
(607,3)
(728,2)
(608,16)
(609,2)
(730,6)
(851,5)
(610,13)
(731,1)
(611,3)
(732,1)
(612,12)
(733,7)
(613,4)
(734,2)
(855,1)
(614,1)
(856,4)
(736,1)
(615,14)
(616,3)
(737,1)
(858,1)
(617,1)
(738,19)
(859,2)
(618,3)
(619,2)
(740,1)
(620,2)
(741,3)
(621,7)
(742,2)
(500,8)
(863,1)
(743,4)
(623,3)
(502,18)
(744,1)
(865,2)
(745,5)
(624,1)
(504,15)
(746,1)
(747,8)
(506,27)
(627,8)
(748,16)
(507,2)
(628,1)
(508,10)
(629,1)
(750,1)
(630,1)
(751,3)
(631,1)
(510,7)
(632,3)
(511,5)
(753,2)
(512,2)
(633,1)
(754,12)
(513,13)
(634,2)
(755,1)
(514,1)
(635,9)
(756,8)
(515,19)
(636,1)
(757,1)
(516,12)
(637,1)
(638,21)
(759,1)
(517,4)
(518,19)
(639,1)
(519,16)
(760,2)
(640,6)
(520,34)
(641,6)
(400,17)
(521,10)
(642,4)
(763,1)
(522,3)
(401,25)
(643,2)
(644,8)
(402,1)
(523,10)
(524,1)
(645,4)
(403,5)
(766,1)
(404,44)
(646,1)
(525,18)
(405,57)
(526,27)
(647,6)
(768,3)
(406,16)
(527,10)
(648,1)
(528,8)
(407,10)
(649,2)
(408,29)
(529,15)
(409,41)
(650,1)
(651,7)
(530,6)
(772,1)
(410,7)
(531,21)
(652,2)
(773,2)
(411,31)
(653,1)
(532,1)
(412,34)
(533,28)
(654,3)
(534,3)
(413,12)
(655,14)
(776,9)
(414,9)
(535,7)
(777,4)
(536,5)
(415,2)
(778,2)
(537,9)
(416,1)
(658,1)
(417,36)
(659,1)
(538,8)
(418,13)
(539,3)
(419,31)
(660,1)
(661,20)
(540,3)
(420,45)
(541,8)
(662,10)
(783,4)
(300,30)
(542,17)
(421,8)
(663,7)
(784,1)
(301,42)
(422,7)
(543,20)
(664,4)
(302,12)
(423,16)
(544,7)
(665,19)
(786,5)
(303,53)
(424,76)
(545,11)
(666,12)
(304,13)
(425,9)
(546,23)
(667,9)
(788,2)
(305,37)
(547,16)
(426,26)
(789,1)
(306,15)
(427,28)
(548,18)
(669,1)
(428,15)
(549,29)
(307,12)
(429,23)
(308,15)
(309,17)
(790,1)
(670,1)
(791,1)
(671,4)
(550,7)
(430,24)
(551,6)
(672,2)
(793,2)
(310,14)
(431,5)
(552,14)
(673,2)
(311,10)
(553,5)
(432,1)
(674,9)
(312,12)
(554,9)
(433,15)
(675,1)
(434,131)
(797,3)
(555,3)
(313,4)
(435,9)
(314,36)
(556,4)
(798,1)
(557,10)
(678,5)
(799,2)
(437,13)
(316,12)
(679,7)
(558,2)
(438,53)
(559,6)
(317,16)
(318,31)
(319,1)
(560,24)
(681,14)
(440,49)
(320,31)
(441,29)
(562,13)
(683,1)
(321,22)
(563,8)
(590,8)
(470,6)
(591,5)
(471,5)
(350,13)
(592,25)
(230,10)
(351,40)
(593,16)
(231,33)
(473,24)
(352,13)
(110,2)
(232,29)
(353,21)
(474,45)
(111,1)
(233,54)
(354,4)
(596,3)
(112,6)
(113,48)
(355,27)
(234,30)
(476,2)
(597,6)
(114,89)
(356,22)
(477,5)
(235,7)
(598,5)
(115,80)
(236,26)
(357,35)
(478,29)
(599,9)
(116,53)
(237,15)
(358,29)
(117,8)
(359,25)
(238,22)
(118,8)
(10,19)
(11,47)
(12,31)
(13,99)
(14,50)
(15,31)
(16,31)
(17,78)
(18,24)
(19,35)
(480,22)
(481,26)
(360,13)
(482,29)
(240,6)
(361,29)
(362,28)
(483,14)
(120,4)
(241,11)
(363,40)
(121,129)
(484,9)
(242,12)
(122,15)
(243,14)
(485,14)
(364,2)
(123,18)
(244,11)
(486,21)
(365,2)
(124,26)
(245,30)
(366,50)
(487,7)
(246,6)
(125,16)
(367,36)
(126,11)
(489,24)
(247,8)
(368,19)
(127,13)
(248,12)
(369,6)
(249,100)
(128,70)
(129,94)
(20,35)
(21,93)
(22,12)
(23,40)
(24,16)
(25,14)
(26,12)
(27,31)
(28,52)
(29,38)
(490,10)
(491,15)
(370,34)
(250,19)
(371,39)
(492,14)
(251,24)
(372,14)
(493,60)
(130,1)
(131,18)
(252,25)
(494,45)
(373,17)
(374,18)
(132,35)
(253,23)
(495,57)
(133,59)
(254,74)
(375,36)
(496,12)
(134,17)
(376,25)
(255,33)
(497,8)
(135,17)
(377,93)
(498,48)
(256,25)
(136,17)
(257,10)
(499,29)
(378,6)
(137,47)
(258,37)
(379,42)
(259,17)
(138,15)
(139,22)
(30,24)
(31,24)
(32,10)
(33,5)
(34,23)
(35,35)
(36,12)
(37,28)
(38,19)
(39,9)
(380,24)
(260,13)
(381,15)
(140,26)
(261,19)
(141,43)
(262,14)
(383,1)
(263,29)
(142,52)
(143,29)
(264,25)
(385,14)
(144,8)
(265,23)
(145,32)
(387,9)
(266,18)
(146,14)
(267,10)
(388,11)
(147,34)
(268,13)
(389,19)
(148,13)
(269,39)
(149,16)
(40,37)
(41,69)
(42,35)
(43,8)
(44,51)
(45,21)
(46,40)
(47,23)
(48,41)
(49,7)
(390,17)
(270,5)
(391,5)
(150,10)
(271,17)
(392,5)
(151,19)
(393,61)
(272,24)
(152,24)
(394,21)
(273,22)
(153,17)
(395,15)
(274,7)
(154,13)
(275,15)
(155,41)
(397,21)
(276,1)
(156,9)
(277,11)
(157,65)
(278,28)
(399,7)
(158,32)
(279,4)
(159,27)
(50,10)
(51,29)
(52,13)
(53,12)
(54,33)
(55,20)
(56,25)
(57,35)
(58,91)
(59,30)
(280,53)
(160,233)
(281,35)
(282,78)
(161,18)
(162,23)
(283,78)
(284,29)
(163,21)
(164,27)
(285,50)
(165,76)
(286,24)
(287,8)
(166,43)
(167,33)
(288,26)
(168,41)
(169,56)
(60,28)
(61,32)
(62,152)
(63,81)
(64,71)
(65,29)
(66,6)
(67,5)
(68,29)
(69,43)
(290,45)
(170,51)
(291,8)
(171,13)
(292,13)
(293,12)
(172,47)
(173,43)
(294,10)
(174,41)
(295,55)
(175,9)
(296,18)
(176,16)
(297,7)
(298,9)
(177,24)
(178,20)
(299,8)
(179,25)
(70,9)
(71,13)
(72,6)
(73,23)
(74,67)
(75,11)
(76,12)
(77,14)
(79,26)
(180,49)
(181,39)
(182,39)
(183,112)
(184,35)
(185,22)
(186,9)
(187,32)
(188,25)
(189,30)
(80,34)
(81,60)
(82,152)
(83,70)
(84,76)
(85,17)
(86,89)
(87,83)
(88,9)
(89,31)
(190,19)
(191,42)
(192,16)
(193,9)
(194,24)
(195,26)
(196,20)
(197,11)
(198,29)
(199,35)
(90,17)
(91,21)
(92,26)
(93,26)
(94,19)
(95,28)
(96,59)
(97,19)
(98,13)
(99,14)
(200,12)
(684,1)
(442,4)
(322,17)
(201,37)
(564,9)
(685,25)
(443,30)
(323,25)
(444,14)
(565,6)
(686,6)
(202,1)
(324,8)
(566,14)
(445,6)
(446,6)
(204,6)
(325,9)
(567,2)
(447,19)
(568,16)
(326,8)
(205,4)
(689,2)
(327,19)
(448,19)
(206,33)
(569,28)
(328,15)
(207,8)
(208,4)
(329,60)
(209,40)
(690,8)
(570,14)
(691,1)
(450,51)
(692,2)
(451,7)
(330,3)
(572,7)
(210,37)
(331,19)
(452,23)
(573,7)
(694,3)
(211,96)
(695,22)
(453,11)
(332,16)
(212,79)
(333,60)
(454,4)
(696,1)
(334,10)
(213,24)
(455,34)
(697,2)
(214,28)
(335,14)
(456,1)
(577,8)
(698,10)
(215,47)
(336,18)
(457,7)
(699,6)
(216,21)
(458,22)
(579,9)
(337,20)
(338,37)
(217,17)
(459,16)
(218,42)
(339,39)
(219,2)
(580,1)
(581,9)
(460,27)
(340,49)
(461,19)
(582,4)
(220,7)
(341,8)
(462,13)
(100,25)
(342,30)
(221,30)
(463,2)
(222,33)
(101,14)
(464,19)
(585,5)
(343,6)
(102,15)
(223,34)
(465,2)
(344,11)
(103,26)
(466,22)
(345,16)
(587,4)
(224,5)
(467,13)
(104,12)
(346,15)
(225,14)
(588,7)
(105,74)
(226,30)
(589,12)
(347,1)
(106,67)
(469,6)
(227,1)
(348,1)
(107,109)
(349,16)
(108,31)
(229,23)
(109,3)
(907,3)
(908,1)
(909,2)
(912,2)
(0,35)
(1,1)
(2,75)
(3,37)
(4,72)
(5,114)
(6,86)
(7,55)
(8,22)
(800,3)
(9,29)
(802,6)
(803,11)
(806,6)
(808,1)
(809,37)
(810,13)
(811,3)
(812,33)
(813,24)
(814,4)
(815,18)
(816,6)
(817,3)
(818,8)
(820,93)
(700,11)
(821,1)
(822,6)
(823,6)
(703,1)
(824,1)
(704,1)
(825,1)
(705,2)
(826,15)
(706,4)
(707,14)
(828,22)
(829,2)
(708,10)
(710,2)
(711,1)
(832,18)
(833,2)
(713,2)
(714,8)
(835,1)
(715,2)
(836,1)
(716,1)
(837,2)
(717,3)
(839,1)
(719,10)
(840,6)
(720,19)
(841,6)
(600,5)
(721,2)
(601,7)
(843,1)
(602,15)
(723,6)
(844,1)
(845,15)
(725,3)
(846,2)
(726,12)
(847,11)
(727,3)
(607,6)
(728,4)
(608,19)
(609,3)
(730,10)
(851,10)
(610,14)
(731,1)
(852,2)
(611,13)
(732,1)
(612,19)
(733,10)
(613,6)
(734,2)
(855,3)
(614,1)
(856,27)
(735,1)
(736,1)
(615,39)
(616,5)
(737,1)
(858,1)
(617,1)
(738,24)
(859,21)
(618,4)
(619,6)
(860,13)
(740,1)
(620,2)
(741,3)
(621,8)
(742,2)
(500,11)
(863,1)
(743,4)
(623,5)
(502,18)
(744,1)
(865,10)
(745,5)
(624,1)
(866,1)
(504,29)
(746,1)
(747,23)
(506,38)
(627,11)
(748,20)
(869,4)
(507,4)
(628,1)
(508,14)
(629,1)
(509,15)
(750,1)
(630,1)
(751,3)
(872,3)
(631,1)
(510,9)
(632,3)
(511,8)
(753,4)
(512,5)
(633,1)
(754,15)
(875,1)
(513,23)
(634,2)
(755,1)
(514,3)
(635,9)
(756,14)
(877,1)
(515,25)
(636,1)
(757,1)
(878,3)
(516,13)
(637,1)
(758,1)
(879,1)
(638,22)
(759,1)
(517,4)
(518,27)
(639,1)
(519,16)
(880,12)
(760,3)
(640,8)
(520,41)
(641,11)
(883,2)
(400,26)
(521,10)
(642,6)
(763,1)
(884,1)
(522,3)
(401,40)
(643,3)
(885,4)
(644,8)
(402,1)
(523,11)
(886,6)
(765,2)
(524,1)
(645,4)
(403,5)
(766,1)
(887,4)
(404,58)
(646,1)
(525,22)
(405,96)
(526,40)
(647,8)
(768,6)
(889,3)
(406,16)
(527,11)
(648,1)
(528,11)
(407,13)
(649,3)
(408,40)
(529,20)
(409,64)
(890,1)
(891,2)
(650,1)
(892,14)
(651,10)
(530,7)
(772,1)
(410,7)
(531,26)
(652,4)
(773,2)
(411,53)
(653,1)
(532,1)
(895,2)
(412,52)
(533,101)
(654,5)
(896,16)
(534,3)
(413,25)
(655,18)
(776,14)
(414,10)
(535,8)
(777,9)
(898,3)
(536,9)
(415,3)
(778,2)
(537,27)
(416,1)
(658,1)
(779,1)
(417,49)
(659,1)
(538,10)
(418,16)
(539,3)
(419,70)
(660,1)
(661,28)
(540,4)
(420,60)
(541,14)
(662,13)
(783,4)
(300,56)
(542,17)
(421,13)
(663,8)
(784,1)
(301,57)
(422,15)
(543,25)
(664,4)
(302,18)
(423,21)
(544,11)
(665,21)
(786,6)
(303,68)
(424,98)
(545,12)
(666,16)
(304,15)
(425,31)
(546,48)
(667,11)
(788,2)
(305,44)
(547,17)
(426,46)
(789,1)
(306,37)
(427,35)
(548,19)
(669,3)
(428,22)
(549,62)
(307,15)
(429,25)
(308,24)
(309,21)
(790,1)
(670,1)
(791,2)
(671,4)
(550,10)
(430,37)
(551,10)
(672,3)
(793,3)
(310,18)
(431,9)
(552,23)
(673,2)
(311,13)
(553,6)
(432,1)
(674,14)
(312,15)
(554,9)
(433,18)
(675,1)
(434,150)
(797,5)
(555,3)
(313,4)
(435,9)
(314,41)
(556,6)
(798,1)
(557,14)
(678,8)
(799,3)
(437,16)
(316,20)
(679,7)
(558,2)
(438,68)
(559,8)
(317,16)
(318,42)
(319,1)
(560,34)
(681,16)
(440,53)
(320,37)
(441,29)
(562,18)
(683,1)
(321,29)
(563,13)
(200,16)
(684,1)
(442,9)
(322,22)
(201,48)
(564,33)
(685,36)
(443,38)
(323,26)
(444,26)
(565,7)
(686,7)
(202,1)
(324,10)
(566,14)
(445,6)
(446,16)
(204,14)
(325,11)
(567,2)
(447,24)
(568,18)
(326,13)
(205,9)
(689,2)
(327,25)
(448,29)
(206,45)
(569,31)
(328,15)
(207,10)
(208,9)
(329,65)
(209,62)
(690,10)
(570,15)
(691,1)
(450,62)
(692,2)
(451,10)
(330,5)
(572,9)
(210,47)
(331,19)
(452,36)
(573,11)
(694,3)
(211,120)
(695,25)
(453,15)
(332,20)
(212,81)
(333,81)
(454,6)
(696,3)
(334,10)
(213,29)
(455,38)
(697,2)
(214,31)
(335,17)
(456,2)
(577,9)
(698,22)
(215,56)
(336,21)
(457,17)
(699,7)
(216,22)
(458,32)
(579,9)
(337,24)
(338,39)
(217,17)
(459,26)
(218,45)
(339,45)
(219,2)
(580,1)
(581,18)
(460,30)
(340,63)
(461,21)
(582,7)
(220,8)
(341,8)
(462,18)
(100,33)
(342,42)
(221,37)
(463,2)
(222,38)
(101,17)
(464,23)
(585,6)
(343,12)
(102,19)
(223,41)
(465,11)
(344,14)
(103,30)
(466,38)
(345,17)
(587,8)
(224,5)
(467,15)
(104,15)
(346,20)
(225,15)
(588,13)
(105,84)
(226,35)
(589,17)
(347,13)
(106,85)
(469,8)
(227,1)
(348,2)
(107,167)
(349,17)
(108,33)
(229,27)
(109,4)
(590,14)
(470,15)
(591,5)
(471,5)
(350,16)
(592,25)
(230,13)
(351,47)
(593,19)
(231,48)
(473,33)
(352,17)
(110,4)
(232,59)
(353,30)
(474,52)
(111,1)
(233,54)
(354,6)
(596,3)
(112,7)
(113,57)
(355,37)
(234,33)
(476,2)
(597,10)
(114,108)
(356,28)
(477,6)
(235,16)
(598,6)
(115,100)
(236,30)
(357,38)
(478,33)
(599,10)
(116,62)
(237,18)
(358,43)
(479,1)
(117,10)
(359,30)
(238,28)
(118,14)
(10,25)
(11,55)
(12,42)
(13,130)
(14,65)
(15,33)
(16,40)
(17,100)
(18,30)
(19,45)
(480,27)
(481,31)
(360,15)
(482,38)
(240,12)
(361,31)
(362,46)
(483,25)
(120,7)
(241,16)
(363,41)
(121,205)
(484,9)
(242,18)
(122,16)
(243,32)
(485,17)
(364,2)
(123,22)
(244,17)
(486,55)
(365,2)
(124,28)
(245,35)
(366,66)
(487,9)
(246,10)
(125,18)
(367,46)
(488,5)
(126,17)
(489,28)
(247,10)
(368,25)
(127,16)
(248,13)
(369,6)
(249,137)
(128,91)
(129,123)
(20,45)
(21,109)
(22,12)
(23,53)
(24,28)
(25,17)
(26,19)
(27,39)
(28,64)
(29,43)
(490,16)
(491,15)
(370,34)
(250,23)
(371,49)
(492,15)
(251,31)
(372,19)
(493,63)
(130,1)
(131,23)
(252,72)
(494,70)
(373,30)
(374,18)
(132,50)
(253,25)
(495,59)
(133,64)
(254,76)
(375,42)
(496,14)
(134,19)
(376,40)
(255,35)
(497,8)
(135,20)
(377,104)
(498,70)
(256,33)
(136,17)
(257,12)
(499,34)
(378,6)
(137,58)
(258,44)
(379,49)
(259,21)
(138,21)
(139,24)
(30,45)
(31,38)
(32,14)
(33,7)
(34,25)
(35,41)
(36,19)
(37,31)
(38,25)
(39,12)
(380,30)
(260,13)
(381,19)
(140,28)
(261,25)
(141,55)
(262,22)
(383,1)
(263,48)
(142,89)
(143,37)
(264,35)
(385,15)
(144,10)
(265,29)
(145,46)
(387,24)
(266,26)
(146,23)
(267,10)
(388,14)
(147,39)
(268,17)
(389,20)
(148,16)
(269,50)
(149,25)
(40,43)
(41,71)
(42,35)
(43,8)
(44,63)
(45,31)
(46,45)
(47,29)
(48,47)
(49,9)
(390,21)
(270,6)
(391,10)
(150,18)
(271,31)
(392,7)
(151,24)
(393,67)
(272,32)
(152,33)
(394,26)
(273,23)
(153,17)
(395,21)
(274,7)
(154,21)
(275,18)
(155,46)
(397,29)
(276,2)
(156,11)
(277,13)
(157,69)
(278,34)
(399,8)
(158,33)
(279,4)
(159,27)
(50,11)
(51,39)
(52,19)
(53,29)
(54,42)
(55,27)
(56,36)
(57,52)
(58,109)
(59,35)
(280,77)
(160,292)
(281,39)
(282,94)
(161,23)
(162,32)
(283,96)
(284,36)
(163,22)
(164,35)
(285,61)
(165,87)
(286,30)
(287,14)
(166,99)
(167,49)
(288,32)
(168,50)
(169,90)
(60,49)
(61,59)
(62,182)
(63,104)
(64,93)
(65,61)
(66,22)
(67,6)
(68,32)
(69,53)
(290,57)
(170,62)
(291,14)
(171,24)
(292,18)
(293,13)
(172,66)
(173,54)
(294,14)
(174,54)
(295,66)
(175,9)
(296,19)
(176,21)
(297,8)
(298,11)
(177,30)
(178,27)
(299,13)
(179,33)
(70,10)
(71,14)
(72,6)
(73,27)
(74,73)
(75,15)
(76,14)
(77,14)
(79,30)
(180,55)
(181,46)
(182,42)
(183,137)
(184,48)
(185,22)
(186,15)
(187,39)
(188,31)
(189,36)
(80,48)
(81,75)
(82,192)
(83,102)
(84,123)
(85,20)
(86,140)
(87,100)
(88,16)
(89,45)
(190,25)
(191,52)
(192,18)
(193,13)
(194,29)
(195,31)
(196,21)
(197,15)
(198,34)
(199,39)
(90,20)
(91,26)
(92,34)
(93,39)
(94,25)
(95,33)
(96,99)
(97,23)
(98,15)
(99,14)
(900,1)
(901,1)
(902,1)
(903,1)
(905,8)
(906,2)
(907,10)
(908,23)
(909,5)
(912,4)
(913,13)
(914,15)
(917,23)
(918,21)
(919,5)
(0,40)
(1,1)
(2,83)
(3,54)
(4,86)
(5,153)
(6,108)
(7,61)
(920,1)
(8,25)
(800,4)
(921,9)
(9,32)
(922,18)
(802,6)
(923,2)
(803,12)
(924,6)
(925,7)
(926,12)
(806,6)
(927,11)
(808,1)
(929,11)
(809,43)
(930,12)
(810,16)
(931,14)
(811,5)
(932,84)
(812,54)
(933,16)
(813,24)
(814,4)
(935,2)
(815,18)
(936,23)
(816,10)
(937,5)
(817,3)
(938,1)
(818,9)
(939,3)
(820,118)
(941,1)
(700,16)
(821,2)
(942,1)
(822,17)
(943,1)
(823,19)
(944,1)
(703,1)
(824,1)
(945,2)
(704,1)
(825,2)
(705,2)
(826,18)
(947,6)
(706,4)
(707,20)
(828,22)
(949,21)
(829,3)
(708,12)
(950,9)
(951,8)
(710,12)
(952,7)
(711,1)
(832,22)
(953,8)
(833,4)
(954,3)
(713,2)
(955,3)
(714,8)
(835,1)
(956,7)
(715,2)
(836,2)
(957,9)
(716,2)
(837,2)
(958,1)
(717,4)
(838,1)
(839,1)
(719,12)
(840,11)
(720,21)
(841,8)
(962,1)
(600,5)
(721,2)
(963,40)
(601,11)
(843,1)
(602,17)
(723,9)
(844,1)
(845,28)
(725,3)
(846,2)
(726,15)
(847,18)
(727,3)
(969,2)
(607,16)
(728,4)
(849,1)
(608,23)
(609,3)
(970,5)
(971,94)
(730,13)
(851,14)
(610,16)
(731,1)
(852,2)
(611,17)
(732,1)
(974,5)
(612,26)
(733,11)
(613,9)
(734,2)
(855,3)
(976,25)
(614,2)
(856,55)
(735,1)
(977,1)
(736,2)
(615,50)
(978,3)
(616,5)
(737,2)
(858,1)
(979,6)
(617,1)
(738,26)
(859,62)
(618,4)
(619,7)
(980,10)
(860,16)
(981,25)
(740,1)
(982,1)
(620,2)
(741,3)
(621,13)
(742,3)
(500,13)
(863,1)
(743,4)
(501,1)
(623,5)
(502,18)
(744,1)
(865,10)
(745,5)
(624,1)
(866,1)
(503,3)
(504,33)
(746,1)
(747,35)
(989,2)
(506,49)
(627,13)
(748,26)
(869,4)
(507,4)
(628,1)
(508,23)
(629,1)
(509,38)
(990,2)
(991,3)
(750,1)
(992,2)
(630,1)
(751,3)
(872,9)
(631,1)
(510,12)
(632,3)
(511,11)
(753,11)
(995,1)
(512,5)
(633,1)
(754,19)
(875,1)
(996,1)
(513,33)
(634,2)
(755,1)
(514,3)
(635,9)
(756,22)
(877,3)
(515,27)
(636,1)
(757,1)
(878,3)
(999,1)
(516,14)
(637,1)
(758,2)
(879,1)
(638,23)
(759,1)
(517,4)
(518,39)
(639,1)
(519,16)
(880,21)
(760,3)
(640,9)
(520,47)
(641,16)
(883,8)
(400,31)
(521,12)
(642,8)
(763,2)
(884,1)
(522,3)
(401,41)
(643,3)
(885,4)
(644,13)
(402,1)
(523,13)
(886,10)
(765,10)
(524,1)
(645,4)
(403,7)
(766,1)
(887,4)
(404,74)
(646,1)
(525,30)
(405,109)
(526,44)
(647,8)
(768,10)
(889,3)
(406,18)
(527,12)
(648,1)
(528,11)
(407,14)
(649,7)
(408,52)
(529,26)
(409,80)
(890,1)
(891,2)
(650,1)
(892,17)
(651,13)
(530,7)
(772,1)
(410,8)
(531,33)
(652,7)
(773,2)
(411,91)
(653,1)
(532,1)
(895,3)
(412,63)
(533,122)
(654,5)
(896,26)
(534,3)
(413,25)
(655,22)
(776,19)
(414,11)
(535,8)
(777,14)
(898,3)
(536,10)
(415,3)
(778,2)
(537,42)
(416,1)
(658,1)
(779,1)
(417,55)
(659,1)
(538,10)
(418,20)
(539,3)
(419,86)
(660,1)
(661,34)
(540,6)
(420,77)
(541,17)
(662,14)
(783,8)
(300,70)
(542,18)
(421,15)
(663,8)
(784,1)
(301,86)
(422,35)
(543,32)
(664,4)
(302,18)
(423,36)
(544,16)
(665,22)
(786,7)
(303,87)
(424,111)
(545,13)
(666,19)
(304,22)
(425,32)
(546,74)
(667,12)
(788,2)
(305,54)
(547,20)
(426,51)
(789,1)
(306,40)
(427,44)
(548,28)
(669,4)
(428,23)
(549,72)
(307,20)
(429,28)
(308,24)
(309,41)
(790,1)
(670,1)
(791,2)
(671,10)
(550,14)
(430,44)
(551,16)
(672,4)
(793,3)
(310,23)
(431,11)
(552,26)
(673,2)
(311,23)
(553,7)
(432,1)
(674,19)
(312,19)
(554,9)
(433,19)
(675,1)
(434,157)
(797,5)
(555,3)
(313,5)
(435,13)
(314,47)
(556,7)
(798,1)
(557,15)
(678,11)
(799,3)
(437,31)
(316,23)
(679,9)
(558,3)
(438,77)
(559,8)
(317,18)
(318,45)
(319,1)
(560,40)
(681,17)
(440,63)
(320,42)
(441,30)
(562,27)
(683,1)
(321,41)
(563,20)
(200,22)
(684,1)
(442,10)
(322,24)
(201,50)
(564,33)
(685,45)
(443,45)
(323,30)
(444,26)
(565,7)
(686,7)
(202,1)
(324,11)
(566,14)
(445,18)
(446,19)
(204,20)
(325,14)
(567,2)
(447,26)
(568,22)
(326,21)
(205,12)
(689,2)
(327,28)
(448,36)
(206,54)
(569,34)
(328,15)
(207,13)
(208,9)
(329,75)
(209,79)
(690,17)
(570,16)
(691,1)
(450,68)
(692,2)
(451,12)
(330,6)
(572,15)
(210,64)
(331,20)
(452,38)
(573,17)
(694,4)
(211,145)
(695,25)
(453,25)
(332,23)
(212,101)
(333,124)
(454,7)
(696,4)
(334,15)
(213,32)
(455,53)
(697,2)
(214,36)
(335,20)
(456,3)
(577,12)
(698,26)
(215,69)
(336,22)
(457,21)
(699,12)
(216,24)
(458,38)
(579,13)
(337,30)
(338,47)
(217,17)
(459,42)
(218,54)
(339,49)
(219,2)
(580,1)
(581,26)
(460,34)
(340,72)
(461,24)
(582,14)
(220,10)
(341,8)
(462,19)
(100,38)
(342,66)
(221,42)
(463,2)
(222,46)
(101,21)
(464,34)
(585,7)
(343,15)
(102,20)
(223,45)
(465,14)
(344,16)
(103,32)
(466,43)
(345,20)
(587,8)
(224,9)
(467,18)
(104,16)
(346,24)
(225,20)
(588,14)
(105,116)
(226,46)
(589,20)
(347,13)
(106,100)
(469,12)
(227,1)
(348,2)
(107,201)
(349,18)
(228,1)
(108,37)
(229,27)
(109,4)
(590,15)
(470,19)
(591,7)
(471,10)
(350,18)
(592,30)
(230,17)
(351,48)
(593,23)
(231,58)
(473,89)
(352,19)
(110,6)
(232,78)
(353,37)
(474,64)
(111,1)
(233,54)
(354,8)
(596,6)
(112,8)
(113,70)
(355,43)
(234,43)
(476,2)
(597,12)
(114,126)
(356,30)
(477,7)
(235,20)
(598,7)
(115,110)
(236,35)
(357,40)
(478,35)
(599,12)
(116,67)
(237,25)
(358,48)
(479,1)
(117,13)
(359,32)
(238,39)
(118,28)
(119,1)
(10,34)
(11,72)
(12,49)
(13,168)
(14,72)
(15,37)
(16,47)
(17,106)
(18,41)
(19,56)
(480,33)
(481,40)
(360,17)
(482,39)
(240,16)
(361,31)
(362,49)
(483,32)
(120,13)
(241,16)
(363,44)
(121,217)
(484,17)
(242,22)
(122,20)
(243,42)
(485,20)
(364,2)
(123,27)
(244,19)
(486,59)
(365,2)
(124,35)
(245,36)
(366,79)
(487,13)
(246,15)
(125,24)
(367,63)
(488,10)
(126,25)
(489,31)
(247,10)
(368,34)
(127,20)
(248,16)
(369,6)
(249,154)
(128,107)
(129,135)
(20,53)
(21,129)
(22,14)
(23,62)
(24,37)
(25,18)
(26,23)
(27,44)
(28,77)
(29,46)
(490,20)
(491,16)
(370,34)
(250,23)
(371,64)
(492,24)
(251,33)
(372,23)
(493,69)
(130,1)
(131,50)
(252,110)
(494,93)
(373,37)
(374,18)
(132,56)
(253,35)
(495,67)
(133,89)
(254,82)
(375,57)
(496,17)
(134,20)
(376,44)
(255,45)
(497,11)
(135,22)
(377,131)
(498,84)
(256,50)
(136,17)
(257,14)
(499,40)
(378,9)
(137,67)
(258,50)
(379,52)
(259,25)
(138,30)
(139,28)
(30,57)
(31,43)
(32,21)
(33,19)
(34,26)
(35,44)
(36,20)
(37,32)
(38,41)
(39,16)
(380,32)
(260,18)
(381,27)
(140,31)
(261,31)
(141,67)
(262,23)
(383,1)
(263,56)
(142,118)
(143,41)
(264,35)
(385,15)
(144,10)
(265,35)
(145,59)
(387,37)
(266,28)
(146,26)
(267,10)
(388,17)
(147,45)
(268,29)
(389,30)
(148,16)
(269,63)
(149,26)
(40,53)
(41,74)
(42,63)
(43,8)
(44,81)
(45,36)
(46,48)
(47,36)
(48,51)
(49,10)
(390,44)
(270,7)
(391,11)
(150,23)
(271,55)
(392,9)
(151,30)
(393,74)
(272,38)
(152,45)
(394,29)
(273,25)
(153,46)
(395,27)
(274,8)
(154,36)
(275,32)
(396,1)
(155,62)
(397,29)
(276,2)
(156,16)
(277,16)
(157,70)
(278,38)
(399,8)
(158,40)
(279,7)
(159,32)
(50,11)
(51,47)
(52,21)
(53,31)
(54,47)
(55,35)
(56,40)
(57,60)
(58,115)
(59,43)
(280,94)
(160,328)
(281,57)
(282,117)
(161,26)
(162,40)
(283,116)
(284,40)
(163,40)
(164,41)
(285,74)
(165,99)
(286,35)
(287,15)
(166,110)
(167,64)
(288,32)
(168,57)
(169,104)
(60,52)
(61,63)
(62,184)
(63,114)
(64,112)
(65,83)
(66,25)
(67,7)
(68,36)
(69,60)
(290,65)
(170,80)
(291,23)
(171,28)
(292,23)
(293,17)
(172,72)
(173,66)
(294,18)
(174,58)
(295,77)
(175,9)
(296,21)
(176,31)
(297,13)
(298,14)
(177,44)
(178,29)
(299,16)
(179,38)
(70,12)
(71,14)
(72,6)
(73,29)
(74,81)
(75,18)
(76,15)
(77,17)
(79,35)
(180,68)
(181,52)
(182,44)
(183,159)
(184,61)
(185,22)
(186,19)
(187,48)
(188,33)
(189,38)
(80,56)
(81,89)
(82,227)
(83,119)
(84,129)
(85,28)
(86,196)
(87,123)
(88,20)
(89,52)
(190,26)
(191,55)
(192,18)
(193,23)
(194,34)
(195,33)
(196,23)
(197,23)
(198,35)
(199,45)
(90,22)
(91,27)
(92,39)
(93,74)
(94,34)
(95,39)
(96,107)
(97,24)
(98,17)
(99,19)
(900,12)
(901,1)
(902,1)
(903,1)
(905,9)
(906,3)
(590,15)
(470,19)
(591,7)
(471,11)
(350,18)
(592,31)
(230,19)
(351,48)
(593,25)
(231,58)
(473,91)
(352,19)
(110,6)
(232,79)
(353,37)
(474,65)
(111,1)
(233,54)
(354,8)
(596,6)
(112,8)
(113,72)
(355,43)
(234,43)
(476,2)
(597,12)
(114,127)
(356,30)
(477,7)
(235,20)
(598,7)
(115,112)
(236,35)
(357,40)
(478,35)
(599,13)
(116,69)
(237,26)
(358,48)
(479,1)
(117,13)
(359,32)
(238,39)
(118,29)
(119,1)
(10,34)
(11,72)
(12,50)
(13,172)
(14,73)
(15,37)
(16,47)
(17,106)
(18,42)
(19,58)
(480,34)
(481,40)
(360,17)
(482,40)
(240,17)
(361,32)
(362,49)
(483,32)
(120,14)
(241,17)
(363,44)
(121,222)
(484,17)
(242,23)
(122,22)
(243,42)
(485,20)
(364,2)
(123,29)
(244,20)
(486,59)
(365,2)
(124,35)
(245,37)
(366,79)
(487,13)
(246,15)
(125,24)
(367,65)
(488,10)
(126,25)
(489,32)
(247,10)
(368,34)
(127,20)
(248,16)
(369,6)
(249,160)
(128,110)
(129,136)
(20,54)
(21,129)
(22,14)
(23,64)
(24,37)
(25,18)
(26,23)
(27,45)
(28,78)
(29,46)
(490,24)
(491,19)
(370,34)
(250,24)
(371,64)
(492,24)
(251,33)
(372,23)
(493,69)
(130,1)
(131,50)
(252,113)
(494,95)
(373,39)
(374,18)
(132,58)
(253,35)
(495,67)
(133,93)
(254,83)
(375,58)
(496,18)
(134,21)
(376,44)
(255,46)
(497,11)
(135,23)
(377,131)
(498,84)
(256,52)
(136,17)
(257,14)
(499,41)
(378,9)
(137,67)
(258,51)
(379,52)
(259,25)
(138,30)
(139,30)
(30,57)
(31,43)
(32,23)
(33,19)
(34,26)
(35,44)
(36,20)
(37,32)
(38,41)
(39,16)
(380,32)
(260,18)
(381,27)
(140,31)
(261,31)
(141,67)
(262,23)
(383,1)
(263,56)
(142,120)
(143,41)
(264,35)
(385,15)
(144,10)
(265,36)
(145,61)
(387,37)
(266,29)
(146,27)
(267,10)
(388,18)
(147,45)
(268,30)
(389,30)
(148,17)
(269,64)
(149,26)
(40,53)
(41,74)
(42,67)
(43,8)
(44,83)
(45,38)
(46,49)
(47,37)
(48,51)
(49,10)
(390,44)
(270,7)
(391,11)
(150,23)
(271,59)
(392,9)
(151,31)
(393,75)
(272,38)
(152,48)
(394,29)
(273,25)
(153,46)
(395,27)
(274,8)
(154,36)
(275,32)
(396,1)
(155,63)
(397,29)
(276,2)
(156,17)
(277,16)
(157,70)
(278,40)
(399,8)
(158,40)
(279,7)
(159,33)
(50,12)
(51,48)
(52,24)
(53,31)
(54,48)
(55,36)
(56,41)
(57,60)
(58,115)
(59,44)
(280,95)
(160,334)
(281,57)
(282,117)
(161,26)
(162,42)
(283,118)
(284,40)
(163,42)
(164,41)
(285,76)
(165,101)
(286,35)
(287,17)
(166,125)
(167,65)
(288,32)
(168,61)
(169,105)
(60,52)
(61,63)
(62,190)
(63,114)
(64,113)
(65,84)
(66,26)
(67,7)
(68,40)
(69,60)
(290,66)
(170,82)
(291,24)
(171,28)
(292,24)
(293,17)
(172,74)
(173,67)
(294,18)
(174,59)
(295,78)
(175,9)
(296,21)
(176,31)
(297,13)
(298,14)
(177,44)
(178,29)
(299,19)
(179,39)
(70,12)
(71,14)
(72,6)
(73,29)
(74,82)
(75,18)
(76,15)
(77,17)
(79,35)
(180,70)
(181,54)
(182,44)
(183,159)
(184,61)
(185,22)
(186,20)
(187,49)
(188,34)
(189,38)
(80,58)
(81,89)
(82,227)
(83,119)
(84,130)
(85,28)
(86,202)
(87,125)
(88,20)
(89,53)
(190,26)
(191,56)
(192,18)
(193,24)
(194,34)
(195,33)
(196,28)
(197,24)
(198,35)
(199,45)
(90,22)
(91,29)
(92,39)
(93,76)
(94,34)
(95,40)
(96,107)
(97,24)
(98,17)
(99,19)
(900,14)
(901,1)
(902,1)
(903,1)
(905,9)
(906,3)
(907,10)
(908,23)
(909,5)
(912,4)
(913,14)
(914,17)
(917,26)
(918,23)
(919,5)
(0,41)
(1,1)
(2,84)
(3,56)
(4,89)
(5,156)
(6,109)
(7,67)
(920,1)
(8,28)
(800,4)
(921,9)
(9,33)
(922,19)
(802,6)
(923,2)
(803,15)
(924,6)
(925,15)
(926,12)
(806,6)
(927,12)
(808,1)
(929,12)
(809,43)
(1000,6)
(930,13)
(810,16)
(931,14)
(811,5)
(932,88)
(812,55)
(933,16)
(813,24)
(814,4)
(935,2)
(815,18)
(936,24)
(816,10)
(937,5)
(817,3)
(938,1)
(818,9)
(939,3)
(1003,1)
(820,120)
(941,1)
(700,16)
(821,2)
(942,1)
(1001,9)
(822,17)
(943,1)
(823,20)
(944,1)
(703,1)
(824,1)
(945,2)
(704,1)
(825,2)
(705,2)
(826,20)
(947,6)
(706,4)
(707,24)
(828,22)
(949,22)
(829,3)
(708,12)
(950,9)
(951,8)
(710,12)
(952,7)
(711,1)
(832,23)
(953,13)
(833,8)
(954,3)
(713,2)
(955,3)
(714,8)
(835,1)
(956,7)
(715,2)
(836,2)
(957,9)
(716,2)
(837,2)
(958,3)
(717,4)
(838,1)
(839,1)
(719,12)
(840,11)
(720,23)
(841,8)
(962,1)
(600,5)
(721,2)
(963,40)
(601,13)
(843,1)
(602,17)
(723,9)
(844,1)
(845,28)
(725,3)
(846,2)
(726,16)
(847,18)
(968,1)
(727,3)
(969,2)
(607,23)
(728,4)
(849,1)
(608,23)
(609,3)
(970,5)
(971,94)
(730,13)
(851,15)
(610,16)
(731,1)
(852,2)
(611,17)
(732,1)
(974,6)
(612,27)
(733,12)
(613,9)
(734,2)
(855,3)
(976,25)
(614,2)
(856,56)
(735,1)
(977,1)
(736,2)
(615,50)
(978,3)
(616,5)
(737,2)
(858,1)
(979,6)
(617,1)
(738,26)
(859,66)
(618,4)
(619,7)
(980,10)
(860,23)
(981,25)
(740,1)
(982,1)
(620,2)
(741,3)
(621,14)
(742,3)
(500,13)
(863,1)
(743,4)
(501,1)
(623,5)
(502,18)
(744,1)
(865,10)
(745,5)
(624,1)
(866,1)
(503,4)
(504,33)
(746,1)
(747,35)
(989,2)
(506,51)
(627,13)
(748,26)
(869,4)
(507,4)
(628,1)
(508,23)
(629,1)
(509,40)
(990,2)
(991,3)
(750,1)
(992,2)
(630,1)
(751,3)
(872,9)
(631,1)
(510,13)
(632,3)
(511,11)
(753,11)
(995,1)
(512,5)
(633,1)
(754,19)
(875,1)
(996,1)
(513,35)
(634,2)
(755,1)
(514,3)
(635,9)
(756,24)
(877,3)
(515,27)
(636,1)
(757,1)
(878,3)
(999,1)
(516,14)
(637,1)
(758,2)
(879,1)
(638,23)
(759,1)
(517,4)
(518,40)
(639,1)
(519,16)
(880,21)
(760,3)
(640,9)
(520,48)
(641,16)
(883,11)
(400,31)
(521,12)
(642,8)
(763,2)
(884,1)
(522,3)
(401,41)
(643,3)
(885,4)
(644,13)
(402,1)
(523,13)
(886,10)
(765,10)
(524,1)
(645,4)
(403,8)
(766,4)
(887,4)
(404,77)
(646,1)
(525,30)
(405,110)
(526,45)
(647,8)
(768,10)
(889,3)
(406,18)
(527,12)
(648,1)
(528,11)
(407,14)
(649,7)
(408,52)
(529,27)
(409,84)
(890,1)
(891,2)
(650,1)
(892,17)
(651,13)
(530,7)
(772,1)
(410,8)
(531,33)
(652,7)
(773,2)
(411,95)
(653,1)
(532,1)
(895,3)
(412,64)
(533,123)
(654,6)
(896,28)
(534,3)
(413,25)
(655,23)
(776,19)
(414,11)
(535,8)
(777,16)
(898,3)
(536,11)
(415,3)
(778,2)
(537,43)
(416,1)
(658,1)
(779,1)
(417,55)
(659,1)
(538,10)
(418,20)
(539,3)
(419,91)
(660,1)
(661,36)
(540,6)
(420,106)
(541,17)
(662,14)
(783,8)
(300,70)
(542,18)
(421,16)
(663,8)
(784,1)
(301,87)
(422,38)
(543,32)
(664,4)
(302,18)
(423,36)
(544,16)
(665,22)
(786,7)
(303,87)
(424,113)
(545,14)
(666,19)
(304,22)
(425,32)
(546,76)
(667,12)
(788,2)
(305,54)
(547,20)
(426,52)
(789,3)
(306,40)
(427,47)
(548,29)
(669,4)
(428,23)
(549,76)
(307,20)
(429,30)
(308,24)
(309,41)
(790,1)
(670,1)
(791,2)
(671,11)
(550,14)
(430,44)
(551,16)
(672,4)
(793,3)
(310,23)
(431,11)
(552,26)
(673,2)
(311,23)
(553,7)
(432,1)
(674,19)
(312,20)
(554,9)
(433,19)
(675,1)
(434,157)
(797,5)
(555,3)
(313,6)
(435,14)
(314,47)
(556,8)
(798,1)
(557,15)
(678,11)
(799,3)
(437,32)
(316,24)
(679,9)
(558,3)
(438,79)
(559,8)
(317,18)
(318,46)
(319,1)
(560,51)
(681,17)
(440,64)
(320,42)
(441,30)
(562,27)
(683,1)
(321,53)
(563,20)
(200,22)
(684,1)
(442,10)
(322,24)
(201,51)
(564,33)
(685,45)
(443,45)
(323,32)
(444,26)
(565,8)
(686,7)
(202,1)
(324,11)
(566,14)
(445,20)
(446,19)
(204,20)
(325,14)
(567,2)
(447,26)
(568,23)
(326,23)
(205,14)
(689,2)
(327,28)
(448,36)
(206,55)
(569,34)
(328,15)
(207,14)
(208,9)
(329,77)
(209,79)
(690,18)
(570,16)
(691,1)
(450,68)
(692,2)
(451,12)
(330,6)
(572,15)
(210,64)
(331,20)
(452,38)
(573,17)
(694,4)
(211,145)
(695,25)
(453,26)
(332,23)
(212,108)
(333,125)
(454,7)
(696,4)
(334,15)
(213,45)
(455,53)
(697,2)
(214,36)
(335,20)
(456,3)
(577,13)
(698,26)
(215,73)
(336,22)
(457,21)
(699,13)
(216,24)
(458,39)
(579,16)
(337,30)
(338,48)
(217,19)
(459,42)
(218,54)
(339,49)
(219,2)
(580,1)
(581,26)
(460,36)
(340,72)
(461,24)
(582,14)
(220,10)
(341,8)
(462,19)
(100,38)
(342,66)
(221,43)
(463,2)
(222,47)
(101,21)
(464,35)
(585,7)
(343,15)
(102,21)
(223,47)
(465,14)
(344,16)
(103,33)
(466,44)
(345,20)
(587,8)
(224,9)
(467,18)
(104,16)
(346,24)
(225,20)
(588,14)
(105,119)
(226,47)
(589,21)
(347,13)
(106,102)
(469,12)
(227,1)
(348,2)
(107,204)
(349,18)
(228,1)
(108,37)
(229,27)
(109,4)
(907,10)
(908,23)
(909,5)
(912,4)
(913,14)
(914,17)
(917,26)
(918,23)
(919,5)
(0,41)
(1,1)
(2,84)
(3,56)
(4,89)
(5,156)
(6,109)
(7,67)
(920,1)
(8,28)
(800,4)
(921,9)
(9,33)
(922,19)
(802,6)
(923,2)
(803,15)
(924,6)
(925,15)
(926,12)
(806,6)
(927,12)
(808,1)
(929,12)
(809,43)
(1000,6)
(930,13)
(810,16)
(931,14)
(811,5)
(932,88)
(812,55)
(933,16)
(813,24)
(814,4)
(935,2)
(815,18)
(936,24)
(816,10)
(937,5)
(817,3)
(938,1)
(818,9)
(939,3)
(1003,1)
(820,120)
(941,1)
(700,16)
(821,2)
(942,1)
(1001,9)
(822,17)
(943,1)
(823,20)
(944,1)
(703,1)
(824,1)
(945,2)
(704,1)
(825,2)
(705,2)
(826,20)
(947,6)
(706,4)
(707,24)
(828,22)
(949,22)
(829,3)
(708,12)
(950,9)
(951,8)
(710,12)
(952,7)
(711,1)
(832,23)
(953,13)
(833,8)
(954,3)
(713,2)
(955,3)
(714,8)
(835,1)
(956,7)
(715,2)
(836,2)
(957,9)
(716,2)
(837,2)
(958,3)
(717,4)
(838,1)
(839,1)
(719,12)
(840,11)
(720,23)
(841,8)
(962,1)
(600,5)
(721,2)
(963,40)
(601,13)
(843,1)
(602,17)
(723,9)
(844,1)
(845,28)
(725,3)
(846,2)
(726,16)
(847,18)
(968,1)
(727,3)
(969,2)
(607,23)
(728,4)
(849,1)
(608,23)
(609,3)
(970,5)
(971,94)
(730,13)
(851,15)
(610,16)
(731,1)
(852,2)
(611,17)
(732,1)
(974,6)
(612,27)
(733,12)
(613,9)
(734,2)
(855,3)
(976,25)
(614,2)
(856,56)
(735,1)
(977,1)
(736,2)
(615,50)
(978,3)
(616,5)
(737,2)
(858,1)
(979,6)
(617,1)
(738,26)
(859,66)
(618,4)
(619,7)
(980,10)
(860,23)
(981,25)
(740,1)
(982,1)
(620,2)
(741,3)
(621,14)
(742,3)
(500,13)
(863,1)
(743,4)
(501,1)
(623,5)
(502,18)
(744,1)
(865,10)
(745,5)
(624,1)
(866,1)
(503,4)
(504,33)
(746,1)
(747,35)
(989,2)
(506,51)
(627,13)
(748,26)
(869,4)
(507,4)
(628,1)
(508,23)
(629,1)
(509,40)
(990,2)
(991,3)
(750,1)
(992,2)
(630,1)
(751,3)
(872,9)
(631,1)
(510,13)
(632,3)
(511,11)
(753,11)
(995,1)
(512,5)
(633,1)
(754,19)
(875,1)
(996,1)
(513,35)
(634,2)
(755,1)
(514,3)
(635,9)
(756,24)
(877,3)
(515,27)
(636,1)
(757,1)
(878,3)
(999,1)
(516,14)
(637,1)
(758,2)
(879,1)
(638,23)
(759,1)
(517,4)
(518,40)
(639,1)
(519,16)
(880,21)
(760,3)
(640,9)
(520,48)
(641,16)
(883,11)
(400,31)
(521,12)
(642,8)
(763,2)
(884,1)
(522,3)
(401,41)
(643,3)
(885,4)
(644,13)
(402,1)
(523,13)
(886,10)
(765,10)
(524,1)
(645,4)
(403,8)
(766,4)
(887,4)
(404,77)
(646,1)
(525,30)
(405,110)
(526,45)
(647,8)
(768,10)
(889,3)
(406,18)
(527,12)
(648,1)
(528,11)
(407,14)
(649,7)
(408,52)
(529,27)
(409,84)
(890,1)
(891,2)
(650,1)
(892,17)
(651,13)
(530,7)
(772,1)
(410,8)
(531,33)
(652,7)
(773,2)
(411,95)
(653,1)
(532,1)
(895,3)
(412,64)
(533,123)
(654,6)
(896,28)
(534,3)
(413,25)
(655,23)
(776,19)
(414,11)
(535,8)
(777,16)
(898,3)
(536,11)
(415,3)
(778,2)
(537,43)
(416,1)
(658,1)
(590,15)
(470,19)
(591,7)
(471,11)
(350,18)
(592,31)
(230,19)
(351,48)
(593,25)
(231,58)
(473,91)
(352,19)
(110,6)
(232,79)
(353,37)
(474,65)
(111,1)
(233,54)
(354,8)
(596,6)
(112,8)
(113,72)
(355,43)
(234,43)
(476,2)
(597,12)
(114,127)
(356,30)
(477,7)
(235,20)
(598,7)
(115,112)
(236,35)
(357,40)
(478,35)
(599,13)
(116,69)
(237,26)
(358,48)
(479,1)
(117,13)
(359,32)
(238,39)
(118,29)
(119,1)
(10,34)
(11,72)
(12,50)
(13,172)
(14,73)
(15,37)
(16,47)
(17,106)
(18,42)
(19,58)
(480,34)
(481,40)
(360,17)
(482,40)
(240,17)
(361,32)
(362,49)
(483,32)
(120,14)
(241,17)
(363,44)
(121,222)
(484,17)
(242,23)
(122,22)
(243,42)
(485,20)
(364,2)
(123,29)
(244,20)
(486,59)
(365,2)
(124,35)
(245,37)
(366,79)
(487,13)
(246,15)
(125,24)
(367,65)
(488,10)
(126,25)
(489,32)
(247,10)
(368,34)
(127,20)
(248,16)
(369,6)
(249,160)
(128,110)
(129,136)
(20,54)
(21,129)
(22,14)
(23,64)
(24,37)
(25,18)
(26,23)
(27,45)
(28,78)
(29,46)
(490,24)
(491,19)
(370,34)
(250,24)
(371,64)
(492,24)
(251,33)
(372,23)
(493,69)
(130,1)
(131,50)
(252,113)
(494,95)
(373,39)
(374,18)
(132,58)
(253,35)
(495,67)
(133,93)
(254,83)
(375,58)
(496,18)
(134,21)
(376,44)
(255,46)
(497,11)
(135,23)
(377,131)
(498,84)
(256,52)
(136,17)
(257,14)
(499,41)
(378,9)
(137,67)
(258,51)
(379,52)
(259,25)
(138,30)
(139,30)
(30,57)
(31,43)
(32,23)
(33,19)
(34,26)
(35,44)
(36,20)
(37,32)
(38,41)
(39,16)
(380,32)
(260,18)
(381,27)
(140,31)
(261,31)
(141,67)
(262,23)
(383,1)
(263,56)
(142,120)
(143,41)
(264,35)
(385,15)
(144,10)
(265,36)
(145,61)
(387,37)
(266,29)
(146,27)
(267,10)
(388,18)
(147,45)
(268,30)
(389,30)
(148,17)
(269,64)
(149,26)
(40,53)
(41,74)
(42,67)
(43,8)
(44,83)
(45,38)
(46,49)
(47,37)
(48,51)
(49,10)
(390,44)
(270,7)
(391,11)
(150,23)
(271,59)
(392,9)
(151,31)
(393,75)
(272,38)
(152,48)
(394,29)
(273,25)
(153,46)
(395,27)
(274,8)
(154,36)
(275,32)
(396,1)
(155,63)
(397,29)
(276,2)
(156,17)
(277,16)
(157,70)
(278,40)
(399,8)
(158,40)
(279,7)
(159,33)
(50,12)
(51,48)
(52,24)
(53,31)
(54,48)
(55,36)
(56,41)
(57,60)
(58,115)
(59,44)
(280,95)
(160,334)
(281,57)
(282,117)
(161,26)
(162,42)
(283,118)
(284,40)
(163,42)
(164,41)
(285,76)
(165,101)
(286,35)
(287,17)
(166,125)
(167,65)
(288,32)
(168,61)
(169,105)
(60,52)
(61,63)
(62,190)
(63,114)
(64,113)
(65,84)
(66,26)
(67,7)
(68,40)
(69,60)
(290,66)
(170,82)
(291,24)
(171,28)
(292,24)
(293,17)
(172,74)
(173,67)
(294,18)
(174,59)
(295,78)
(175,9)
(296,21)
(176,31)
(297,13)
(298,14)
(177,44)
(178,29)
(299,19)
(179,39)
(70,12)
(71,14)
(72,6)
(73,29)
(74,82)
(75,18)
(76,15)
(77,17)
(79,35)
(180,70)
(181,54)
(182,44)
(183,159)
(184,61)
(185,22)
(186,20)
(187,49)
(188,34)
(189,38)
(80,58)
(81,89)
(82,227)
(83,119)
(84,130)
(85,28)
(86,202)
(87,125)
(88,20)
(89,53)
(190,26)
(191,56)
(192,18)
(193,24)
(194,34)
(195,33)
(196,28)
(197,24)
(198,35)
(199,45)
(90,22)
(91,29)
(92,39)
(93,76)
(94,34)
(95,40)
(96,107)
(97,24)
(98,17)
(99,19)
(900,14)
(901,1)
(902,1)
(903,1)
(905,9)
(906,3)
(779,1)
(417,55)
(659,1)
(538,10)
(418,20)
(539,3)
(419,91)
(660,1)
(661,36)
(540,6)
(420,106)
(541,17)
(662,14)
(783,8)
(300,70)
(542,18)
(421,16)
(663,8)
(784,1)
(301,87)
(422,38)
(543,32)
(664,4)
(302,18)
(423,36)
(544,16)
(665,22)
(786,7)
(303,87)
(424,113)
(545,14)
(666,19)
(304,22)
(425,32)
(546,76)
(667,12)
(788,2)
(305,54)
(547,20)
(426,52)
(789,3)
(306,40)
(427,47)
(548,29)
(669,4)
(428,23)
(549,76)
(307,20)
(429,30)
(308,24)
(309,41)
(790,1)
(670,1)
(791,2)
(671,11)
(550,14)
(430,44)
(551,16)
(672,4)
(793,3)
(310,23)
(431,11)
(552,26)
(673,2)
(311,23)
(553,7)
(432,1)
(674,19)
(312,20)
(554,9)
(433,19)
(675,1)
(434,157)
(797,5)
(555,3)
(313,6)
(435,14)
(314,47)
(556,8)
(798,1)
(557,15)
(678,11)
(799,3)
(437,32)
(316,24)
(679,9)
(558,3)
(438,79)
(559,8)
(317,18)
(318,46)
(319,1)
(560,51)
(681,17)
(440,64)
(320,42)
(441,30)
(562,27)
(683,1)
(321,53)
(563,20)
(200,22)
(684,1)
(442,10)
(322,24)
(201,51)
(564,33)
(685,45)
(443,45)
(323,32)
(444,26)
(565,8)
(686,7)
(202,1)
(324,11)
(566,14)
(445,20)
(446,19)
(204,20)
(325,14)
(567,2)
(447,26)
(568,23)
(326,23)
(205,14)
(689,2)
(327,28)
(448,36)
(206,55)
(569,34)
(328,15)
(207,14)
(208,9)
(329,77)
(209,79)
(690,18)
(570,16)
(691,1)
(450,68)
(692,2)
(451,12)
(330,6)
(572,15)
(210,64)
(331,20)
(452,38)
(573,17)
(694,4)
(211,145)
(695,25)
(453,26)
(332,23)
(212,108)
(333,125)
(454,7)
(696,4)
(334,15)
(213,45)
(455,53)
(697,2)
(214,36)
(335,20)
(456,3)
(577,13)
(698,26)
(215,73)
(336,22)
(457,21)
(699,13)
(216,24)
(458,39)
(579,16)
(337,30)
(338,48)
(217,19)
(459,42)
(218,54)
(339,49)
(219,2)
(580,1)
(581,26)
(460,36)
(340,72)
(461,24)
(582,14)
(220,10)
(341,8)
(462,19)
(100,38)
(342,66)
(221,43)
(463,2)
(222,47)
(101,21)
(464,35)
(585,7)
(343,15)
(102,21)
(223,47)
(465,14)
(344,16)
(103,33)
(466,44)
(345,20)
(587,8)
(224,9)
(467,18)
(104,16)
(346,24)
(225,20)
(588,14)
(105,119)
(226,47)
(589,21)
(347,13)
(106,102)
(469,12)
(227,1)
(348,2)
(107,204)
(349,18)
(228,1)
(108,37)
(229,27)
(109,4)
(590,15)
(470,19)
(591,7)
(471,11)
(350,18)
(592,31)
(230,19)
(351,48)
(593,25)
(231,58)
(473,91)
(352,19)
(110,6)
(232,79)
(353,37)
(474,65)
(111,1)
(233,54)
(354,8)
(596,6)
(112,8)
(113,72)
(355,43)
(234,43)
(476,2)
(597,12)
(114,127)
(356,30)
(477,7)
(235,20)
(598,7)
(115,112)
(236,35)
(357,40)
(478,35)
(599,13)
(116,69)
(237,26)
(358,48)
(479,1)
(117,13)
(359,32)
(238,39)
(118,29)
(119,1)
(10,34)
(11,72)
(12,50)
(13,172)
(14,73)
(15,37)
(16,47)
(17,106)
(18,42)
(19,58)
(480,34)
(481,40)
(360,17)
(482,40)
(240,17)
(361,32)
(362,49)
(483,32)
(120,14)
(241,17)
(363,44)
(121,222)
(484,17)
(242,23)
(122,22)
(243,42)
(485,20)
(364,2)
(123,29)
(244,20)
(486,59)
(365,2)
(124,35)
(245,37)
(366,79)
(487,13)
(246,15)
(125,24)
(367,65)
(488,10)
(126,25)
(489,32)
(247,10)
(368,34)
(127,20)
(248,16)
(369,6)
(249,160)
(128,110)
(129,136)
(20,54)
(21,129)
(22,14)
(23,64)
(24,37)
(25,18)
(26,23)
(27,45)
(28,78)
(29,46)
(490,24)
(491,19)
(370,34)
(250,24)
(371,64)
(492,24)
(251,33)
(372,23)
(493,69)
(130,1)
(131,50)
(252,113)
(494,95)
(373,39)
(374,18)
(132,58)
(253,35)
(495,67)
(133,93)
(254,83)
(375,58)
(496,18)
(134,21)
(376,44)
(255,46)
(497,11)
(135,23)
(377,131)
(498,84)
(256,52)
(136,17)
(257,14)
(499,41)
(378,9)
(137,67)
(258,51)
(379,52)
(259,25)
(138,30)
(139,30)
(30,57)
(31,43)
(32,23)
(33,19)
(34,26)
(35,44)
(36,20)
(37,32)
(38,41)
(39,16)
(380,32)
(260,18)
(381,27)
(140,31)
(261,31)
(141,67)
(262,23)
(383,1)
(263,56)
(142,120)
(143,41)
(264,35)
(385,15)
(144,10)
(265,36)
(145,61)
(387,37)
(266,29)
(146,27)
(267,10)
(388,18)
(147,45)
(268,30)
(389,30)
(148,17)
(269,64)
(149,26)
(40,53)
(41,74)
(42,67)
(43,8)
(44,83)
(45,38)
(46,49)
(47,37)
(48,51)
(49,10)
(390,44)
(270,7)
(391,11)
(150,23)
(271,59)
(392,9)
(151,31)
(393,75)
(272,38)
(152,48)
(394,29)
(273,25)
(153,46)
(395,27)
(274,8)
(154,36)
(275,32)
(396,1)
(155,63)
(397,29)
(276,2)
(156,17)
(277,16)
(157,70)
(278,40)
(399,8)
(158,40)
(279,7)
(159,33)
(50,12)
(51,48)
(52,24)
(53,31)
(54,48)
(55,36)
(56,41)
(57,60)
(58,115)
(59,44)
(280,95)
(160,334)
(281,57)
(282,117)
(161,26)
(162,42)
(283,118)
(284,40)
(163,42)
(164,41)
(285,76)
(165,101)
(286,35)
(287,17)
(166,125)
(167,65)
(288,32)
(168,61)
(169,105)
(60,52)
(61,63)
(62,190)
(63,114)
(64,113)
(65,84)
(66,26)
(67,7)
(68,40)
(69,60)
(290,66)
(170,82)
(291,24)
(171,28)
(292,24)
(293,17)
(172,74)
(173,67)
(294,18)
(174,59)
(295,78)
(175,9)
(296,21)
(176,31)
(297,13)
(298,14)
(177,44)
(178,29)
(299,19)
(179,39)
(70,12)
(71,14)
(72,6)
(73,29)
(74,82)
(75,18)
(76,15)
(77,17)
(79,35)
(180,70)
(181,54)
(182,44)
(183,159)
(184,61)
(185,22)
(186,20)
(187,49)
(188,34)
(189,38)
(80,58)
(81,89)
(82,227)
(83,119)
(84,130)
(85,28)
(86,202)
(87,125)
(88,20)
(907,10)
(908,23)
(909,5)
(912,4)
(913,14)
(914,17)
(917,26)
(918,23)
(919,5)
(0,41)
(1,1)
(2,84)
(3,56)
(4,89)
(5,156)
(6,109)
(7,67)
(920,1)
(8,28)
(800,4)
(921,9)
(9,33)
(922,19)
(802,6)
(923,2)
(803,15)
(924,6)
(925,15)
(926,12)
(806,6)
(927,12)
(808,1)
(929,12)
(809,43)
(1000,6)
(930,13)
(810,16)
(931,14)
(811,5)
(932,88)
(812,55)
(933,16)
(813,24)
(814,4)
(935,2)
(815,18)
(936,24)
(816,10)
(937,5)
(817,3)
(938,1)
(818,9)
(939,3)
(1003,1)
(820,120)
(941,1)
(700,16)
(821,2)
(942,1)
(1001,9)
(822,17)
(943,1)
(823,20)
(944,1)
(703,1)
(824,1)
(945,2)
(704,1)
(825,2)
(705,2)
(826,20)
(947,6)
(706,4)
(707,24)
(828,22)
(949,22)
(829,3)
(708,12)
(950,9)
(951,8)
(710,12)
(952,7)
(711,1)
(832,23)
(953,13)
(833,8)
(954,3)
(713,2)
(955,3)
(714,8)
(835,1)
(956,7)
(715,2)
(836,2)
(957,9)
(716,2)
(837,2)
(958,3)
(717,4)
(838,1)
(839,1)
(719,12)
(840,11)
(720,23)
(841,8)
(962,1)
(600,5)
(721,2)
(963,40)
(601,13)
(843,1)
(602,17)
(723,9)
(844,1)
(845,28)
(725,3)
(846,2)
(726,16)
(847,18)
(968,1)
(727,3)
(969,2)
(607,23)
(728,4)
(849,1)
(608,23)
(609,3)
(970,5)
(971,94)
(730,13)
(851,15)
(610,16)
(731,1)
(852,2)
(611,17)
(732,1)
(974,6)
(612,27)
(733,12)
(613,9)
(734,2)
(855,3)
(976,25)
(614,2)
(856,56)
(735,1)
(977,1)
(736,2)
(615,50)
(978,3)
(616,5)
(737,2)
(858,1)
(979,6)
(617,1)
(738,26)
(859,66)
(618,4)
(619,7)
(980,10)
(860,23)
(981,25)
(740,1)
(982,1)
(620,2)
(741,3)
(621,14)
(742,3)
(500,13)
(863,1)
(743,4)
(501,1)
(623,5)
(502,18)
(744,1)
(865,10)
(745,5)
(624,1)
(866,1)
(503,4)
(504,33)
(746,1)
(747,35)
(989,2)
(506,51)
(627,13)
(748,26)
(869,4)
(507,4)
(628,1)
(508,23)
(629,1)
(509,40)
(990,2)
(991,3)
(750,1)
(992,2)
(630,1)
(751,3)
(872,9)
(631,1)
(510,13)
(632,3)
(511,11)
(753,11)
(995,1)
(512,5)
(633,1)
(754,19)
(875,1)
(996,1)
(513,35)
(634,2)
(755,1)
(514,3)
(635,9)
(756,24)
(877,3)
(515,27)
(636,1)
(757,1)
(878,3)
(999,1)
(516,14)
(637,1)
(758,2)
(879,1)
(638,23)
(759,1)
(517,4)
(518,40)
(639,1)
(519,16)
(880,21)
(760,3)
(640,9)
(520,48)
(641,16)
(883,11)
(400,31)
(521,12)
(642,8)
(763,2)
(884,1)
(522,3)
(401,41)
(643,3)
(885,4)
(644,13)
(402,1)
(523,13)
(886,10)
(765,10)
(524,1)
(645,4)
(403,8)
(766,4)
(887,4)
(404,77)
(646,1)
(525,30)
(405,110)
(526,45)
(647,8)
(768,10)
(889,3)
(406,18)
(527,12)
(648,1)
(528,11)
(407,14)
(649,7)
(408,52)
(529,27)
(409,84)
(890,1)
(891,2)
(650,1)
(892,17)
(651,13)
(530,7)
(772,1)
(410,8)
(531,33)
(652,7)
(773,2)
(411,95)
(653,1)
(532,1)
(895,3)
(412,64)
(533,123)
(654,6)
(896,28)
(534,3)
(413,25)
(655,23)
(776,19)
(414,11)
(535,8)
(777,16)
(898,3)
(536,11)
(415,3)
(778,2)
(537,43)
(416,1)
(658,1)
(89,53)
(190,26)
(191,56)
(192,18)
(193,24)
(194,34)
(195,33)
(196,28)
(197,24)
(198,35)
(199,45)
(90,22)
(91,29)
(92,39)
(93,76)
(94,34)
(95,40)
(96,107)
(97,24)
(98,17)
(99,19)
(900,14)
(901,1)
(902,1)
(903,1)
(905,9)
(906,3)
(779,1)
(417,55)
(659,1)
(538,10)
(418,20)
(539,3)
(419,91)
(660,1)
(661,36)
(540,6)
(420,106)
(541,17)
(662,14)
(783,8)
(300,70)
(542,18)
(421,16)
(663,8)
(784,1)
(301,87)
(422,38)
(543,32)
(664,4)
(302,18)
(423,36)
(544,16)
(665,22)
(786,7)
(303,87)
(424,113)
(545,14)
(666,19)
(304,22)
(425,32)
(546,76)
(667,12)
(788,2)
(305,54)
(547,20)
(426,52)
(789,3)
(306,40)
(427,47)
(548,29)
(669,4)
(428,23)
(549,76)
(307,20)
(429,30)
(308,24)
(309,41)
(790,1)
(670,1)
(791,2)
(671,11)
(550,14)
(430,44)
(551,16)
(672,4)
(793,3)
(310,23)
(431,11)
(552,26)
(673,2)
(311,23)
(553,7)
(432,1)
(674,19)
(312,20)
(554,9)
(433,19)
(675,1)
(434,157)
(797,5)
(555,3)
(313,6)
(435,14)
(314,47)
(556,8)
(798,1)
(557,15)
(678,11)
(799,3)
(437,32)
(316,24)
(679,9)
(558,3)
(438,79)
(559,8)
(317,18)
(318,46)
(319,1)
(560,51)
(681,17)
(440,64)
(320,42)
(441,30)
(562,27)
(683,1)
(321,53)
(563,20)
(200,22)
(684,1)
(442,10)
(322,24)
(201,51)
(564,33)
(685,45)
(443,45)
(323,32)
(444,26)
(565,8)
(686,7)
(202,1)
(324,11)
(566,14)
(445,20)
(446,19)
(204,20)
(325,14)
(567,2)
(447,26)
(568,23)
(326,23)
(205,14)
(689,2)
(327,28)
(448,36)
(206,55)
(569,34)
(328,15)
(207,14)
(208,9)
(329,77)
(209,79)
(690,18)
(570,16)
(691,1)
(450,68)
(692,2)
(451,12)
(330,6)
(572,15)
(210,64)
(331,20)
(452,38)
(573,17)
(694,4)
(211,145)
(695,25)
(453,26)
(332,23)
(212,108)
(333,125)
(454,7)
(696,4)
(334,15)
(213,45)
(455,53)
(697,2)
(214,36)
(335,20)
(456,3)
(577,13)
(698,26)
(215,73)
(336,22)
(457,21)
(699,13)
(216,24)
(458,39)
(579,16)
(337,30)
(338,48)
(217,19)
(459,42)
(218,54)
(339,49)
(219,2)
(580,1)
(581,26)
(460,36)
(340,72)
(461,24)
(582,14)
(220,10)
(341,8)
(462,19)
(100,38)
(342,66)
(221,43)
(463,2)
(222,47)
(101,21)
(464,35)
(585,7)
(343,15)
(102,21)
(223,47)
(465,14)
(344,16)
(103,33)
(466,44)
(345,20)
(587,8)
(224,9)
(467,18)
(104,16)
(346,24)
(225,20)
(588,14)
(105,119)
(226,47)
(589,21)
(347,13)
(106,102)
(469,12)
(227,1)
(348,2)
(107,204)
(349,18)
(228,1)
(108,37)
(229,27)
(109,4)
(907,10)
(908,23)
(909,5)
(912,4)
(913,14)
(914,17)
(917,26)
(918,23)
(919,5)
(0,41)
(1,1)
(2,84)
(3,56)
(4,89)
(5,156)
(6,109)
(7,67)
(920,1)
(8,28)
(800,4)
(921,9)
(9,33)
(922,19)
(802,6)
(923,2)
(803,15)
(924,6)
(925,15)
(926,12)
(806,6)
(927,12)
(808,1)
(929,12)
(809,43)
(1000,6)
(930,13)
(810,16)
(931,14)
(811,5)
(932,88)
(812,55)
(933,16)
(813,24)
(814,4)
(935,2)
(815,18)
(936,24)
(816,10)
(937,5)
(817,3)
(938,1)
(818,9)
(939,3)
(1003,1)
(820,120)
(941,1)
(700,16)
(821,2)
(942,1)
(1001,9)
(822,17)
(943,1)
(823,20)
(944,1)
(703,1)
(824,1)
(945,2)
(704,1)
(825,2)
(705,2)
(826,20)
(947,6)
(706,4)
(707,24)
(828,22)
(949,22)
(829,3)
(708,12)
(950,9)
(951,8)
(710,12)
(952,7)
(711,1)
(832,23)
(953,13)
(833,8)
(954,3)
(713,2)
(955,3)
(714,8)
(835,1)
(956,7)
(715,2)
(836,2)
(957,9)
(716,2)
(837,2)
(958,3)
(717,4)
(838,1)
(839,1)
(719,12)
(840,11)
(720,23)
(841,8)
(962,1)
(600,5)
(721,2)
(963,40)
(601,13)
(843,1)
(602,17)
(723,9)
(844,1)
(845,28)
(725,3)
(846,2)
(726,16)
(847,18)
(968,1)
(727,3)
(969,2)
(607,23)
(728,4)
(849,1)
(608,23)
(609,3)
(970,5)
(971,94)
(730,13)
(851,15)
(610,16)
(731,1)
(852,2)
(611,17)
(732,1)
(974,6)
(612,27)
(733,12)
(613,9)
(734,2)
(855,3)
(976,25)
(614,2)
(856,56)
(735,1)
(977,1)
(736,2)
(615,50)
(978,3)
(616,5)
(737,2)
(858,1)
(979,6)
(617,1)
(738,26)
(859,66)
(618,4)
(619,7)
(980,10)
(860,23)
(981,25)
(740,1)
(982,1)
(620,2)
(741,3)
(621,14)
(742,3)
(500,13)
(863,1)
(743,4)
(501,1)
(623,5)
(502,18)
(744,1)
(865,10)
(745,5)
(624,1)
(866,1)
(503,4)
(504,33)
(746,1)
(747,35)
(989,2)
(506,51)
(627,13)
(748,26)
(869,4)
(507,4)
(628,1)
(508,23)
(629,1)
(509,40)
(990,2)
(991,3)
(750,1)
(992,2)
(630,1)
(751,3)
(872,9)
(631,1)
(510,13)
(632,3)
(511,11)
(753,11)
(995,1)
(512,5)
(633,1)
(754,19)
(875,1)
(996,1)
(513,35)
(634,2)
(755,1)
(514,3)
(635,9)
(756,24)
(877,3)
(515,27)
(636,1)
(757,1)
(878,3)
(999,1)
(516,14)
(637,1)
(758,2)
(879,1)
(638,23)
(759,1)
(517,4)
(518,40)
(639,1)
(519,16)
(880,21)
(760,3)
(640,9)
(520,48)
(641,16)
(883,11)
(400,31)
(521,12)
(642,8)
(763,2)
(884,1)
(522,3)
(401,41)
(643,3)
(885,4)
(644,13)
(402,1)
(523,13)
(886,10)
(765,10)
(524,1)
(645,4)
(403,8)
(766,4)
(887,4)
(404,77)
(646,1)
(525,30)
(405,110)
(526,45)
(647,8)
(768,10)
(889,3)
(406,18)
(527,12)
(648,1)
(528,11)
(407,14)
(649,7)
(408,52)
(529,27)
(409,84)
(890,1)
(891,2)
(650,1)
(892,17)
(651,13)
(530,7)
(772,1)
(410,8)
(531,33)
(652,7)
(773,2)
(411,95)
(653,1)
(532,1)
(895,3)
(412,64)
(533,123)
(654,6)
(896,28)
(534,3)
(413,25)
(655,23)
(776,19)
(414,11)
(535,8)
(777,16)
(898,3)
(536,11)
(415,3)
(778,2)
(537,43)
(416,1)
(658,1)
(779,1)
(417,55)
(659,1)
(538,10)
(418,20)
(539,3)
(419,91)
(660,1)
(661,36)
(540,6)
(420,106)
(541,17)
(662,14)
(783,8)
(300,70)
(542,18)
(421,16)
(663,8)
(784,1)
(301,87)
(422,38)
(543,32)
(664,4)
(302,18)
(423,36)
(544,16)
(665,22)
(786,7)
(303,87)
(424,113)
(545,14)
(666,19)
(304,22)
(425,32)
(546,76)
(667,12)
(788,2)
(305,54)
(547,20)
(426,52)
(789,3)
(306,40)
(427,47)
(548,29)
(669,4)
(428,23)
(549,76)
(307,20)
(429,30)
(308,24)
(309,41)
(790,1)
(670,1)
(791,2)
(671,11)
(550,14)
(430,44)
(551,16)
(672,4)
(793,3)
(310,23)
(431,11)
(552,26)
(673,2)
(311,23)
(553,7)
(432,1)
(674,19)
(312,20)
(554,9)
(433,19)
(675,1)
(434,157)
(797,5)
(555,3)
(313,6)
(435,14)
(314,47)
(556,8)
(798,1)
(557,15)
(678,11)
(799,3)
(437,32)
(316,24)
(679,9)
(558,3)
(438,79)
(559,8)
(317,18)
(318,46)
(319,1)
(560,51)
(681,17)
(440,64)
(320,42)
(441,30)
(562,27)
(683,1)
(321,53)
(563,20)
(200,22)
(684,1)
(442,10)
(322,24)
(201,51)
(564,33)
(685,45)
(443,45)
(323,32)
(444,26)
(565,8)
(686,7)
(202,1)
(324,11)
(566,14)
(445,20)
(446,19)
(204,20)
(325,14)
(567,2)
(447,26)
(568,23)
(326,23)
(205,14)
(689,2)
(327,28)
(448,36)
(206,55)
(569,34)
(328,15)
(207,14)
(208,9)
(329,77)
(209,79)
(690,18)
(570,16)
(691,1)
(450,68)
(692,2)
(451,12)
(330,6)
(572,15)
(210,64)
(331,20)
(452,38)
(573,17)
(694,4)
(211,145)
(695,25)
(453,26)
(332,23)
(212,108)
(333,125)
(454,7)
(696,4)
(334,15)
(213,45)
(455,53)
(697,2)
(214,36)
(335,20)
(456,3)
(577,13)
(698,26)
(215,73)
(336,22)
(457,21)
(699,13)
(216,24)
(458,39)
(579,16)
(337,30)
(338,48)
(217,19)
(459,42)
(218,54)
(339,49)
(219,2)
(580,1)
(581,26)
(460,36)
(340,72)
(461,24)
(582,14)
(220,10)
(341,8)
(462,19)
(100,38)
(342,66)
(221,43)
(463,2)
(222,47)
(101,21)
(464,35)
(585,7)
(343,15)
(102,21)
(223,47)
(465,14)
(344,16)
(103,33)
(466,44)
(345,20)
(587,8)
(224,9)
(467,18)
(104,16)
(346,24)
(225,20)
(588,14)
(105,119)
(226,47)
(589,21)
(347,13)
(106,102)
(469,12)
(227,1)
(348,2)
(107,204)
(349,18)
(228,1)
(108,37)
(229,27)
(109,4)
(590,15)
(470,19)
(591,7)
(471,11)
(350,18)
(592,31)
(230,19)
(351,48)
(593,25)
(231,58)
(473,91)
(352,19)
(110,6)
(232,79)
(353,37)
(474,65)
(111,1)
(233,54)
(354,8)
(596,6)
(112,8)
(113,72)
(355,43)
(234,43)
(476,2)
(597,12)
(114,127)
(356,30)
(477,7)
(235,20)
(598,7)
(115,112)
(236,35)
(357,40)
(478,35)
(599,13)
(116,69)
(237,26)
(358,48)
(479,1)
(117,13)
(359,32)
(238,39)
(118,29)
(119,1)
(10,34)
(11,72)
(12,50)
(13,172)
(14,73)
(15,37)
(16,47)
(17,106)
(18,42)
(19,58)
(480,34)
(481,40)
(360,17)
(482,40)
(240,17)
(361,32)
(362,49)
(483,32)
(120,14)
(241,17)
(363,44)
(121,222)
(484,17)
(242,23)
(122,22)
(243,42)
(485,20)
(364,2)
(123,29)
(244,20)
(486,59)
(365,2)
(124,35)
(245,37)
(366,79)
(487,13)
(246,15)
(125,24)
(367,65)
(488,10)
(126,25)
(489,32)
(247,10)
(368,34)
(127,20)
(248,16)
(369,6)
(249,160)
(128,110)
(129,136)
(20,54)
(21,129)
(22,14)
(23,64)
(24,37)
(25,18)
(26,23)
(27,45)
(28,78)
(29,46)
(490,24)
(491,19)
(370,34)
(250,24)
(371,64)
(492,24)
(251,33)
(372,23)
(493,69)
(130,1)
(131,50)
(252,113)
(494,95)
(373,39)
(374,18)
(132,58)
(253,35)
(495,67)
(133,93)
(254,83)
(375,58)
(496,18)
(134,21)
(376,44)
(255,46)
(497,11)
(135,23)
(377,131)
(498,84)
(256,52)
(136,17)
(257,14)
(499,41)
(378,9)
(137,67)
(258,51)
(379,52)
(259,25)
(138,30)
(139,30)
(30,57)
(31,43)
(32,23)
(33,19)
(34,26)
(35,44)
(36,20)
(37,32)
(38,41)
(39,16)
(380,32)
(260,18)
(381,27)
(140,31)
(261,31)
(141,67)
(262,23)
(383,1)
(263,56)
(142,120)
(143,41)
(264,35)
(385,15)
(144,10)
(265,36)
(145,61)
(387,37)
(266,29)
(146,27)
(267,10)
(388,18)
(147,45)
(268,30)
(389,30)
(148,17)
(269,64)
(149,26)
(40,53)
(41,74)
(42,67)
(43,8)
(44,83)
(45,38)
(46,49)
(47,37)
(48,51)
(49,10)
(390,44)
(270,7)
(391,11)
(150,23)
(271,59)
(392,9)
(151,31)
(393,75)
(272,38)
(152,48)
(394,29)
(273,25)
(153,46)
(395,27)
(274,8)
(154,36)
(275,32)
(396,1)
(155,63)
(397,29)
(276,2)
(156,17)
(277,16)
(157,70)
(278,40)
(399,8)
(158,40)
(279,7)
(159,33)
(50,12)
(51,48)
(52,24)
(53,31)
(54,48)
(55,36)
(56,41)
(57,60)
(58,115)
(59,44)
(280,95)
(160,334)
(281,57)
(282,117)
(161,26)
(162,42)
(283,118)
(284,40)
(163,42)
(164,41)
(285,76)
(165,101)
(286,35)
(287,17)
(166,125)
(167,65)
(288,32)
(168,61)
(169,105)
(60,52)
(61,63)
(62,190)
(63,114)
(64,113)
(65,84)
(66,26)
(67,7)
(68,40)
(69,60)
(290,66)
(170,82)
(291,24)
(171,28)
(292,24)
(293,17)
(172,74)
(173,67)
(294,18)
(174,59)
(295,78)
(175,9)
(296,21)
(176,31)
(297,13)
(298,14)
(177,44)
(178,29)
(299,19)
(179,39)
(70,12)
(71,14)
(72,6)
(73,29)
(74,82)
(75,18)
(76,15)
(77,17)
(79,35)
(180,70)
(181,54)
(182,44)
(183,159)
(184,61)
(185,22)
(186,20)
(187,49)
(188,34)
(189,38)
(80,58)
(81,89)
(82,227)
(83,119)
(84,130)
(85,28)
(86,202)
(87,125)
(88,20)
(89,53)
(190,26)
(191,56)
(192,18)
(193,24)
(194,34)
(195,33)
(196,28)
(197,24)
(198,35)
(199,45)
(90,22)
(91,29)
(92,39)
(93,76)
(94,34)
(95,40)
(96,107)
(97,24)
(98,17)
(99,19)
(900,14)
(901,1)
(902,1)
(903,1)
(905,9)
(906,3)
(907,10)
(908,23)
(909,5)
(912,4)
(913,14)
(914,17)
(917,26)
(918,23)
(919,5)
(0,41)
(1,1)
(2,84)
(3,56)
(4,89)
(5,156)
(6,109)
(7,67)
(920,1)
(8,28)
(800,4)
(921,9)
(9,33)
(922,19)
(802,6)
(923,2)
(803,15)
(924,6)
(925,15)
(926,12)
(806,6)
(927,12)
(808,1)
(929,12)
(809,43)
(1000,6)
(930,13)
(810,16)
(931,14)
(811,5)
(932,88)
(812,55)
(933,16)
(813,24)
(814,4)
(935,2)
(815,18)
(936,24)
(816,10)
(937,5)
(817,3)
(938,1)
(818,9)
(939,3)
(1003,1)
(820,120)
(941,1)
(700,16)
(821,2)
(942,1)
(1001,9)
(822,17)
(943,1)
(823,20)
(944,1)
(703,1)
(824,1)
(945,2)
(704,1)
(825,2)
(705,2)
(826,20)
(947,6)
(706,4)
(707,24)
(828,22)
(949,22)
(829,3)
(708,12)
(950,9)
(951,8)
(710,12)
(952,7)
(711,1)
(832,23)
(953,13)
(833,8)
(954,3)
(713,2)
(955,3)
(714,8)
(835,1)
(956,7)
(715,2)
(836,2)
(957,9)
(716,2)
(837,2)
(958,3)
(717,4)
(838,1)
(839,1)
(719,12)
(840,11)
(720,23)
(841,8)
(962,1)
(600,5)
(721,2)
(963,40)
(601,13)
(843,1)
(602,17)
(723,9)
(844,1)
(845,28)
(725,3)
(846,2)
(726,16)
(847,18)
(968,1)
(727,3)
(969,2)
(607,23)
(728,4)
(849,1)
(608,23)
(609,3)
(970,5)
(971,94)
(730,13)
(851,15)
(610,16)
(731,1)
(852,2)
(611,17)
(732,1)
(974,6)
(612,27)
(733,12)
(613,9)
(734,2)
(855,3)
(976,25)
(614,2)
(856,56)
(735,1)
(977,1)
(736,2)
(615,50)
(978,3)
(616,5)
(737,2)
(858,1)
(979,6)
(617,1)
(738,26)
(859,66)
(618,4)
(619,7)
(980,10)
(860,23)
(981,25)
(740,1)
(982,1)
(620,2)
(741,3)
(621,14)
(742,3)
(500,13)
(863,1)
(743,4)
(501,1)
(623,5)
(502,18)
(744,1)
(865,10)
(745,5)
(624,1)
(866,1)
(503,4)
(504,33)
(746,1)
(747,35)
(989,2)
(506,51)
(627,13)
(748,26)
(869,4)
(507,4)
(628,1)
(508,23)
(629,1)
(509,40)
(990,2)
(991,3)
(750,1)
(992,2)
(630,1)
(751,3)
(872,9)
(631,1)
(510,13)
(632,3)
(511,11)
(753,11)
(995,1)
(512,5)
(633,1)
(754,19)
(875,1)
(996,1)
(513,35)
(634,2)
(755,1)
(514,3)
(635,9)
(756,24)
(877,3)
(515,27)
(636,1)
(757,1)
(878,3)
(999,1)
(516,14)
(637,1)
(758,2)
(879,1)
(638,23)
(759,1)
(517,4)
(518,40)
(639,1)
(519,16)
(880,21)
(760,3)
(640,9)
(520,48)
(641,16)
(883,11)
(400,31)
(521,12)
(642,8)
(763,2)
(884,1)
(522,3)
(401,41)
(643,3)
(885,4)
(644,13)
(402,1)
(523,13)
(886,10)
(765,10)
(524,1)
(645,4)
(403,8)
(766,4)
(887,4)
(404,77)
(646,1)
(525,30)
(405,110)
(526,45)
(647,8)
(768,10)
(889,3)
(406,18)
(527,12)
(648,1)
(528,11)
(407,14)
(649,7)
(408,52)
(529,27)
(409,84)
(890,1)
(891,2)
(650,1)
(892,17)
(651,13)
(530,7)
(772,1)
(410,8)
(531,33)
(652,7)
(773,2)
(411,95)
(653,1)
(532,1)
(895,3)
(412,64)
(533,123)
(654,6)
(896,28)
(534,3)
(413,25)
(655,23)
(776,19)
(414,11)
(535,8)
(777,16)
(898,3)
(536,11)
(415,3)
(778,2)
(537,43)
(416,1)
(658,1)
(779,1)
(417,55)
(659,1)
(538,10)
(418,20)
(539,3)
(419,91)
(660,1)
(661,36)
(540,6)
(420,106)
(541,17)
(662,14)
(783,8)
(300,70)
(542,18)
(421,16)
(663,8)
(784,1)
(301,87)
(422,38)
(543,32)
(664,4)
(302,18)
(423,36)
(544,16)
(665,22)
(786,7)
(303,87)
(424,113)
(545,14)
(666,19)
(304,22)
(425,32)
(546,76)
(667,12)
(788,2)
(305,54)
(547,20)
(426,52)
(789,3)
(306,40)
(427,47)
(548,29)
(669,4)
(428,23)
(549,76)
(307,20)
(429,30)
(308,24)
(309,41)
(790,1)
(670,1)
(791,2)
(671,11)
(550,14)
(430,44)
(551,16)
(672,4)
(793,3)
(310,23)
(431,11)
(552,26)
(673,2)
(311,23)
(553,7)
(432,1)
(674,19)
(312,20)
(554,9)
(433,19)
(675,1)
(434,157)
(797,5)
(555,3)
(313,6)
(435,14)
(314,47)
(556,8)
(798,1)
(557,15)
(678,11)
(799,3)
(437,32)
(316,24)
(679,9)
(558,3)
(438,79)
(559,8)
(317,18)
(318,46)
(319,1)
(560,51)
(681,17)
(440,64)
(320,42)
(441,30)
(562,27)
(683,1)
(321,53)
(563,20)
(200,22)
(684,1)
(442,10)
(322,24)
(201,51)
(564,33)
(685,45)
(443,45)
(323,32)
(444,26)
(565,8)
(686,7)
(202,1)
(324,11)
(566,14)
(445,20)
(446,19)
(204,20)
(325,14)
(567,2)
(447,26)
(568,23)
(326,23)
(205,14)
(689,2)
(327,28)
(448,36)
(206,55)
(569,34)
(328,15)
(207,14)
(208,9)
(329,77)
(209,79)
(690,18)
(570,16)
(691,1)
(450,68)
(692,2)
(451,12)
(330,6)
(572,15)
(210,64)
(331,20)
(452,38)
(573,17)
(694,4)
(211,145)
(695,25)
(453,26)
(332,23)
(212,108)
(333,125)
(454,7)
(696,4)
(334,15)
(213,45)
(455,53)
(697,2)
(214,36)
(335,20)
(456,3)
(577,13)
(698,26)
(215,73)
(336,22)
(457,21)
(699,13)
(216,24)
(458,39)
(579,16)
(337,30)
(338,48)
(217,19)
(459,42)
(218,54)
(339,49)
(219,2)
(580,1)
(581,26)
(460,36)
(340,72)
(461,24)
(582,14)
(220,10)
(341,8)
(462,19)
(100,38)
(342,66)
(221,43)
(463,2)
(222,47)
(101,21)
(464,35)
(585,7)
(343,15)
(102,21)
(223,47)
(465,14)
(344,16)
(103,33)
(466,44)
(345,20)
(587,8)
(224,9)
(467,18)
(104,16)
(346,24)
(225,20)
(588,14)
(105,119)
(226,47)
(589,21)
(347,13)
(106,102)
(469,12)
(227,1)
(348,2)
(107,204)
(349,18)
(228,1)
(108,37)
(229,27)
(109,4)
(590,15)
(470,19)
(591,7)
(471,11)
(350,18)
(592,31)
(230,19)
(351,48)
(593,25)
(231,58)
(473,91)
(352,19)
(110,6)
(232,79)
(353,37)
(474,65)
(111,1)
(233,54)
(354,8)
(596,6)
(112,8)
(113,72)
(355,43)
(234,43)
(476,2)
(597,12)
(114,127)
(356,30)
(477,7)
(235,20)
(598,7)
(115,112)
(236,35)
(357,40)
(478,35)
(599,13)
(116,69)
(237,26)
(358,48)
(479,1)
(117,13)
(359,32)
(238,39)
(118,29)
(119,1)
(10,34)
(11,72)
(12,50)
(13,172)
(14,73)
(15,37)
(16,47)
(17,106)
(18,42)
(19,58)
(480,34)
(481,40)
(360,17)
(482,40)
(240,17)
(361,32)
(362,49)
(483,32)
(120,14)
(241,17)
(363,44)
(121,222)
(484,17)
(242,23)
(122,22)
(243,42)
(485,20)
(364,2)
(123,29)
(244,20)
(486,59)
(365,2)
(124,35)
(245,37)
(366,79)
(487,13)
(246,15)
(125,24)
(367,65)
(488,10)
(126,25)
(489,32)
(247,10)
(368,34)
(127,20)
(248,16)
(369,6)
(249,160)
(128,110)
(129,136)
(20,54)
(21,129)
(22,14)
(23,64)
(24,37)
(25,18)
(26,23)
(27,45)
(28,78)
(29,46)
(490,24)
(491,19)
(370,34)
(250,24)
(371,64)
(492,24)
(251,33)
(372,23)
(493,69)
(130,1)
(131,50)
(252,113)
(494,95)
(373,39)
(374,18)
(132,58)
(253,35)
(495,67)
(133,93)
(254,83)
(375,58)
(496,18)
(134,21)
(376,44)
(255,46)
(497,11)
(135,23)
(377,131)
(498,84)
(256,52)
(136,17)
(257,14)
(499,41)
(378,9)
(137,67)
(258,51)
(379,52)
(259,25)
(138,30)
(139,30)
(30,57)
(31,43)
(32,23)
(33,19)
(34,26)
(35,44)
(36,20)
(37,32)
(38,41)
(39,16)
(380,32)
(260,18)
(381,27)
(140,31)
(261,31)
(141,67)
(262,23)
(383,1)
(263,56)
(142,120)
(143,41)
(264,35)
(385,15)
(144,10)
(265,36)
(145,61)
(387,37)
(266,29)
(146,27)
(267,10)
(388,18)
(147,45)
(268,30)
(389,30)
(148,17)
(269,64)
(149,26)
(40,53)
(41,74)
(42,67)
(43,8)
(44,83)
(45,38)
(46,49)
(47,37)
(48,51)
(49,10)
(390,44)
(270,7)
(391,11)
(150,23)
(271,59)
(392,9)
(151,31)
(393,75)
(272,38)
(152,48)
(394,29)
(273,25)
(153,46)
(395,27)
(274,8)
(154,36)
(275,32)
(396,1)
(155,63)
(397,29)
(276,2)
(156,17)
(277,16)
(157,70)
(278,40)
(399,8)
(158,40)
(279,7)
(159,33)
(50,12)
(51,48)
(52,24)
(53,31)
(54,48)
(55,36)
(56,41)
(57,60)
(58,115)
(59,44)
(280,95)
(160,334)
(281,57)
(282,117)
(161,26)
(162,42)
(283,118)
(284,40)
(163,42)
(164,41)
(285,76)
(165,101)
(286,35)
(287,17)
(166,125)
(167,65)
(288,32)
(168,61)
(169,105)
(60,52)
(61,63)
(62,190)
(63,114)
(64,113)
(65,84)
(66,26)
(67,7)
(68,40)
(69,60)
(290,66)
(170,82)
(291,24)
(171,28)
(292,24)
(293,17)
(172,74)
(173,67)
(294,18)
(174,59)
(295,78)
(175,9)
(296,21)
(176,31)
(297,13)
(298,14)
(177,44)
(178,29)
(299,19)
(179,39)
(70,12)
(71,14)
(72,6)
(73,29)
(74,82)
(75,18)
(76,15)
(77,17)
(79,35)
(180,70)
(181,54)
(182,44)
(183,159)
(184,61)
(185,22)
(186,20)
(187,49)
(188,34)
(189,38)
(80,58)
(81,89)
(82,227)
(83,119)
(84,130)
(85,28)
(86,202)
(87,125)
(88,20)
(89,53)
(190,26)
(191,56)
(192,18)
(193,24)
(194,34)
(195,33)
(196,28)
(197,24)
(198,35)
(199,45)
(90,22)
(91,29)
(92,39)
(93,76)
(94,34)
(95,40)
(96,107)
(97,24)
(98,17)
(99,19)
(900,14)
(901,1)
(902,1)
(903,1)
(905,9)
(906,3)
