774 1.0
535 9.0
546 73.0
816 18.0
570 16.0
322 20.0
84 48.0
859 58.0
106 128.0
887 3.0
395 36.0
664 9.0
685 37.0
951 9.0
201 43.0
470 21.0
486 44.0
251 31.0
7 49.0
542 14.0
556 7.0
828 19.0
579 16.0
586 25.0
97 21.0
618 13.0
891 2.0
388 23.0
408 38.0
160 212.0
955 8.0
708 17.0
463 2.0
732 1.0
738 32.0
749 5.0
264 27.0
792 1.0
44 92.0
578 1.0
850 2.0
359 20.0
626 1.0
125 20.0
910 1.0
155 53.0
677 2.0
690 14.0
448 33.0
203 39.0
728 16.0
748 21.0
500 18.0
14 55.0
536 11.0
549 42.0
303 83.0
310 24.0
323 31.0
601 37.0
880 27.0
131 46.0
143 45.0
668 1.0
935 4.0
944 1.0
190 29.0
469 18.0
226 46.0
246 12.0
511 21.0
518 66.0
793 2.0
292 34.0
56 39.0
833 5.0
847 28.0
87 109.0
612 47.0
109 4.0
130 36.0
146 14.0
673 2.0
178 29.0
191 47.0
460 44.0
217 15.0
993 1.0
494 80.0
543 33.0
40 48.0
68 39.0
80 61.0
94 37.0
107 169.0
384 16.0
908 20.0
661 39.0
929 11.0
687 7.0
699 22.0
972 2.0
742 3.0
245 47.0
261 43.0
528 9.0
280 104.0
801 2.0
557 15.0
59 46.0
584 4.0
603 1.0
611 25.0
118 24.0
126 28.0
136 27.0
152 60.0
169 96.0
440 63.0
447 28.0
716 2.0
473 75.0
1003 1.0
263 47.0
780 1.0
788 1.0
798 1.0
47 47.0
834 1.0
589 16.0
344 14.0
103 43.0
884 2.0
639 6.0
649 9.0
150 32.0
164 39.0
435 4.0
711 1.0
984 3.0
994 1.0
240 20.0
255 45.0
521 13.0
794 2.0
293 16.0
817 5.0
826 22.0
70 16.0
599 3.0
604 8.0
362 62.0
376 36.0
651 12.0
157 54.0
431 23.0
184 72.0
713 2.0
215 75.0
232 77.0
507 4.0
778 5.0
291 22.0
559 6.0
572 22.0
67 8.0
76 22.0
866 3.0
619 6.0
893 2.0
390 29.0
153 23.0
674 9.0
443 42.0
453 20.0
208 52.0
990 20.0
739 6.0
751 5.0
522 3.0
30 55.0
560 28.0
836 5.0
339 40.0
104 32.0
115 101.0
382 5.0
399 18.0
412 60.0
424 90.0
948 1.0
960 1.0
205 27.0
991 4.0
238 36.0
247 15.0
270 12.0
281 45.0
38 29.0
304 28.0
567 4.0
841 7.0
350 20.0
373 23.0
899 1.0
656 11.0
413 24.0
426 46.0
689 2.0
196 23.0
214 50.0
227 19.0
505 13.0
267 18.0
26 30.0
294 22.0
571 20.0
840 16.0
338 52.0
89 57.0
101 25.0
878 3.0
645 5.0
405 83.0
165 92.0
691 1.0
449 1.0
718 6.0
986 3.0
995 1.0
754 22.0
800 4.0
809 44.0
580 1.0
81 92.0
607 26.0
623 9.0
642 20.0
397 34.0
409 30.0
418 29.0
945 4.0
705 7.0
717 10.0
999 1.0
506 51.0
265 31.0
274 23.0
25 32.0
290 67.0
46 68.0
61 55.0
588 22.0
860 16.0
364 9.0
374 9.0
638 6.0
394 30.0
411 74.0
425 17.0
696 7.0
194 42.0
720 16.0
985 1.0
1004 1.0
513 41.0
519 7.0
529 32.0
533 85.0
545 19.0
308 35.0
324 14.0
846 1.0
345 23.0
872 13.0
629 3.0
897 1.0
907 12.0
666 16.0
679 19.0
692 1.0
456 2.0
730 9.0
484 19.0
241 20.0
779 2.0
540 8.0
810 3.0
819 5.0
317 19.0
75 14.0
343 20.0
863 1.0
620 3.0
633 1.0
398 4.0
159 34.0
175 8.0
956 13.0
459 65.0
216 26.0
747 22.0
509 47.0
13 61.0
550 25.0
51 62.0
62 179.0
835 6.0
336 32.0
869 5.0
108 37.0
894 1.0
396 14.0
154 38.0
680 1.0
188 26.0
454 7.0
978 3.0
223 41.0
228 22.0
501 14.0
12 46.0
288 28.0
305 52.0
838 1.0
852 5.0
616 5.0
627 10.0
383 6.0
145 47.0
414 3.0
168 63.0
950 45.0
962 2.0
206 44.0
735 6.0
495 49.0
503 12.0
512 4.0
276 9.0
539 7.0
554 11.0
818 10.0
55 35.0
334 18.0
606 1.0
885 3.0
389 34.0
913 17.0
926 12.0
428 23.0
179 49.0
197 33.0
471 8.0
230 17.0
763 2.0
781 3.0
538 9.0
808 1.0
63 104.0
585 9.0
83 86.0
90 24.0
102 16.0
370 14.0
901 1.0
662 16.0
421 48.0
181 45.0
963 34.0
719 12.0
219 18.0
483 36.0
244 27.0
33 24.0
42 50.0
72 6.0
337 37.0
96 97.0
625 6.0
387 23.0
400 29.0
669 6.0
419 72.0
433 19.0
961 1.0
461 16.0
743 3.0
767 6.0
0 32.0
11 62.0
275 25.0
282 106.0
802 1.0
48 46.0
574 4.0
335 23.0
861 1.0
622 1.0
630 3.0
129 139.0
650 1.0
417 53.0
171 39.0
697 6.0
707 34.0
976 10.0
475 2.0
760 4.0
769 3.0
520 48.0
786 5.0
790 1.0
805 4.0
565 8.0
326 37.0
592 29.0
93 51.0
875 1.0
120 14.0
385 21.0
139 36.0
922 17.0
936 7.0
436 3.0
207 29.0
988 2.0
740 3.0
243 46.0
525 34.0
541 14.0
300 40.0
821 1.0
573 17.0
331 19.0
600 10.0
610 8.0
366 86.0
380 33.0
657 1.0
163 37.0
434 151.0
958 3.0
974 7.0
474 61.0
237 23.0
3 62.0
17 61.0
39 33.0
568 23.0
830 1.0
69 41.0
82 121.0
613 8.0
877 8.0
895 2.0
653 1.0
667 28.0
432 7.0
445 24.0
715 5.0
467 20.0
736 6.0
231 49.0
759 1.0
783 4.0
547 29.0
564 3.0
74 76.0
602 20.0
879 1.0
886 2.0
896 21.0
148 14.0
672 13.0
682 3.0
952 7.0
198 19.0
979 1.0
996 1.0
239 11.0
761 1.0
258 32.0
532 20.0
284 35.0
298 9.0
50 15.0
824 1.0
590 28.0
95 37.0
631 3.0
134 21.0
403 17.0
927 9.0
940 2.0
437 26.0
965 1.0
727 3.0
234 34.0
764 9.0
770 1.0
269 69.0
29 48.0
558 11.0
319 11.0
587 14.0
85 35.0
864 1.0
615 40.0
371 76.0
137 77.0
919 11.0
938 1.0
695 11.0
964 5.0
210 77.0
731 1.0
485 27.0
756 17.0
34 23.0
43 11.0
329 85.0
596 3.0
352 21.0
883 11.0
133 73.0
402 9.0
671 25.0
676 4.0
693 5.0
452 29.0
209 60.0
488 7.0
256 118.0
268 29.0
531 46.0
796 4.0
35 53.0
49 13.0
837 2.0
595 1.0
608 23.0
111 8.0
632 3.0
641 12.0
909 6.0
931 13.0
429 30.0
189 61.0
455 51.0
722 4.0
987 12.0
249 112.0
2 77.0
8 34.0
18 46.0
23 68.0
551 12.0
53 27.0
582 13.0
597 14.0
862 1.0
876 1.0
635 2.0
898 2.0
144 11.0
924 10.0
937 7.0
700 27.0
975 1.0
733 10.0
487 12.0
502 18.0
526 50.0
285 68.0
45 38.0
312 21.0
575 11.0
78 23.0
858 1.0
100 36.0
110 9.0
902 1.0
659 2.0
170 87.0
946 1.0
704 2.0
464 43.0
222 56.0
750 1.0
515 39.0
273 24.0
299 21.0
569 29.0
64 136.0
325 26.0
853 1.0
617 6.0
628 7.0
128 132.0
142 99.0
156 20.0
438 76.0
192 19.0
204 28.0
729 8.0
225 25.0
746 1.0
252 82.0
785 4.0
807 6.0
309 29.0
332 18.0
348 4.0
368 45.0
121 157.0
900 24.0
149 24.0
162 51.0
939 2.0
442 22.0
967 5.0
981 11.0
997 3.0
496 20.0
762 1.0
260 19.0
789 10.0
28 96.0
302 23.0
307 12.0
58 103.0
79 35.0
868 2.0
888 1.0
647 11.0
663 19.0
932 53.0
174 65.0
439 3.0
969 2.0
220 14.0
493 73.0
253 23.0
771 8.0
271 58.0
287 17.0
562 26.0
576 19.0
333 94.0
854 7.0
353 29.0
871 1.0
116 68.0
141 68.0
407 22.0
427 47.0
186 20.0
710 19.0
466 36.0
221 54.0
741 5.0
757 4.0
775 1.0
36 43.0
561 1.0
73 25.0
855 4.0
609 5.0
890 2.0
646 4.0
660 1.0
928 1.0
422 31.0
182 28.0
709 3.0
725 12.0
1001 5.0
768 13.0
524 1.0
21 111.0
797 5.0
804 12.0
306 32.0
581 27.0
340 92.0
98 23.0
624 11.0
378 24.0
391 19.0
401 32.0
420 109.0
942 1.0
446 22.0
200 34.0
724 2.0
744 1.0
508 26.0
514 11.0
776 25.0
19 62.0
279 9.0
297 19.0
311 31.0
583 1.0
341 9.0
351 43.0
367 71.0
892 14.0
643 13.0
658 1.0
670 1.0
681 20.0
703 1.0
465 9.0
478 27.0
1000 5.0
248 20.0
527 15.0
799 5.0
301 116.0
825 4.0
831 1.0
593 39.0
347 24.0
357 42.0
372 22.0
903 3.0
915 1.0
683 9.0
949 18.0
195 29.0
721 6.0
224 10.0
497 16.0
516 12.0
278 40.0
555 15.0
313 17.0
577 5.0
327 29.0
857 4.0
873 2.0
119 13.0
386 8.0
654 37.0
925 14.0
183 143.0
706 10.0
973 1.0
218 43.0
737 2.0
236 48.0
257 16.0
530 8.0
295 55.0
823 20.0
844 2.0
358 40.0
113 74.0
377 88.0
905 2.0
918 19.0
930 14.0
943 1.0
187 39.0
199 38.0
982 1.0
998 1.0
498 61.0
9 27.0
277 16.0
31 39.0
814 4.0
563 12.0
316 38.0
849 7.0
614 4.0
889 4.0
140 33.0
665 22.0
166 127.0
430 41.0
441 44.0
970 2.0
477 11.0
753 17.0
510 19.0
517 13.0
16 68.0
32 32.0
52 18.0
832 22.0
845 26.0
86 154.0
354 10.0
360 28.0
375 53.0
655 26.0
921 11.0
684 1.0
444 25.0
968 3.0
468 21.0
989 3.0
490 34.0
250 30.0
523 16.0
37 22.0
827 1.0
842 2.0
92 38.0
105 115.0
379 34.0
648 1.0
404 61.0
416 3.0
934 4.0
185 10.0
457 25.0
213 36.0
752 5.0
1 51.0
782 3.0
22 13.0
286 41.0
806 5.0
566 16.0
839 1.0
856 53.0
355 41.0
881 1.0
123 30.0
135 35.0
914 18.0
678 9.0
947 8.0
702 2.0
458 41.0
726 9.0
233 45.0
254 29.0
772 1.0
777 17.0
787 1.0
283 120.0
553 8.0
314 32.0
71 15.0
598 8.0
865 9.0
112 17.0
636 2.0
644 12.0
147 37.0
415 3.0
173 63.0
193 25.0
723 11.0
479 5.0
745 5.0
504 36.0
259 25.0
272 41.0
289 8.0
813 5.0
57 54.0
65 40.0
851 9.0
91 27.0
361 47.0
117 15.0
392 19.0
916 1.0
172 70.0
694 7.0
451 8.0
211 118.0
229 27.0
758 14.0
773 1.0
537 18.0
811 5.0
315 8.0
66 20.0
330 9.0
349 18.0
874 3.0
122 21.0
132 52.0
912 2.0
158 43.0
953 9.0
450 53.0
462 25.0
476 7.0
482 35.0
492 23.0
6 93.0
791 5.0
296 70.0
321 37.0
848 3.0
870 3.0
369 6.0
634 1.0
138 29.0
151 42.0
933 15.0
176 25.0
957 10.0
712 4.0
983 3.0
489 27.0
499 39.0
10 41.0
534 2.0
548 20.0
815 14.0
54 42.0
318 50.0
594 6.0
365 90.0
127 16.0
652 4.0
923 5.0
423 32.0
688 1.0
698 24.0
977 3.0
480 34.0
755 1.0
766 2.0
262 22.0
784 2.0
803 16.0
820 96.0
320 40.0
591 7.0
342 44.0
356 47.0
621 13.0
637 4.0
911 3.0
410 9.0
686 8.0
701 1.0
971 10.0
980 6.0
734 13.0
235 18.0
27 51.0
552 36.0
60 39.0
77 18.0
605 4.0
363 39.0
640 17.0
906 4.0
917 18.0
161 35.0
941 1.0
954 7.0
202 6.0
992 1.0
242 28.0
5 124.0
15 45.0
24 26.0
544 28.0
41 66.0
822 15.0
328 16.0
346 24.0
99 23.0
114 109.0
124 33.0
904 1.0
920 1.0
167 49.0
180 68.0
959 1.0
714 23.0
472 7.0
491 7.0
4 74.0
266 23.0
20 64.0
795 1.0
812 44.0
829 1.0
843 1.0
88 30.0
867 4.0
882 2.0
381 27.0
393 66.0
406 25.0
675 1.0
177 41.0
966 2.0
212 101.0
481 39.0
1002 1.0
765 18.0
