0,0
1,1
2,2
3,2
4,2
5,1
6,1
7,2
8,2
9,2
804,2
806,2
807,2
809,2
1000,2
810,2
812,2
815,2
818,2
1002,2
820,2
1001,2
826,2
828,2
833,2
839,2
840,2
841,2
601,2
602,2
845,2
607,2
608,2
851,2
852,2
611,2
612,2
856,2
615,2
857,2
616,2
859,2
622,2
623,2
624,2
868,2
629,2
872,2
880,2
640,2
882,2
641,2
400,2
643,2
401,2
644,2
402,2
403,2
404,2
647,2
405,2
406,2
407,2
408,2
409,2
650,2
892,2
411,2
412,2
654,2
896,2
413,2
656,2
417,2
659,2
418,2
419,2
661,2
420,2
421,2
422,2
664,2
423,2
665,2
424,2
666,2
667,2
426,2
427,2
669,2
429,2
671,2
430,2
431,2
434,2
437,2
438,2
680,2
681,2
440,2
441,2
200,2
443,2
201,2
685,2
445,2
203,2
446,2
204,2
447,2
205,2
206,2
207,2
209,2
690,2
450,2
693,2
452,2
210,2
453,2
211,2
212,2
696,2
455,2
213,2
214,2
457,2
215,1
458,2
216,2
459,1
218,1
219,2
460,2
462,2
220,2
221,1
464,2
222,1
465,2
223,1
466,2
224,2
467,2
225,2
468,2
226,1
227,2
469,2
228,2
229,2
230,2
473,2
231,2
474,2
232,2
233,2
234,2
235,2
236,2
237,2
479,2
238,1
239,2
480,2
481,2
482,2
241,2
483,2
242,2
243,2
485,2
244,2
486,2
487,2
246,2
488,2
247,2
489,2
248,1
249,2
490,2
491,2
250,1
492,2
493,2
252,2
494,2
253,2
495,2
254,2
496,2
255,2
497,2
256,2
498,1
257,2
499,2
259,2
260,2
261,2
262,2
263,2
264,2
265,2
266,1
267,2
268,1
269,2
271,2
272,2
275,2
276,2
277,2
278,2
279,2
280,2
281,2
282,2
283,1
284,2
285,2
286,2
288,2
290,2
291,2
292,2
293,2
294,2
295,2
296,2
297,1
299,2
900,2
902,2
905,2
907,2
911,2
913,2
914,2
918,2
921,2
922,2
924,2
926,2
930,2
931,2
932,2
934,2
937,2
700,2
707,2
949,2
950,2
710,2
956,2
716,2
717,2
959,2
718,2
960,2
961,2
720,2
963,2
967,2
726,2
728,2
730,2
733,2
734,1
738,2
980,2
741,2
500,2
742,2
501,2
503,2
745,2
747,2
506,2
748,2
990,2
751,2
752,2
994,2
511,2
754,2
513,2
756,2
515,2
516,2
758,2
517,2
518,2
520,2
763,2
764,2
523,2
765,2
525,2
526,2
768,2
527,2
528,2
529,2
771,2
531,2
532,2
533,2
775,2
776,2
777,2
536,2
537,2
779,2
538,2
539,2
782,2
541,2
300,2
543,2
301,2
544,2
302,2
786,2
303,2
546,2
304,2
305,2
789,2
548,2
306,2
307,2
549,2
308,2
309,1
552,2
310,2
311,2
312,2
555,2
313,1
797,2
314,2
557,2
315,2
799,2
316,1
317,2
559,2
318,2
560,1
562,2
320,2
563,2
321,2
565,2
323,2
324,2
325,2
327,2
569,2
328,2
329,2
571,2
572,2
330,2
573,2
331,2
332,2
575,2
333,2
576,2
577,2
336,2
337,2
581,1
340,2
582,2
341,2
342,2
100,2
101,1
344,2
102,2
345,2
103,1
587,2
346,2
104,2
347,2
105,2
589,2
106,2
107,2
349,2
350,2
351,2
593,2
352,2
594,2
353,2
354,2
112,2
355,2
113,2
356,2
114,2
357,2
115,2
358,2
116,2
117,2
359,2
11,2
12,2
14,2
16,2
17,1
18,1
19,2
360,2
361,2
362,2
120,2
363,2
121,2
122,2
365,2
366,2
124,2
367,2
125,2
368,1
126,2
127,2
369,2
128,2
129,2
20,2
21,2
23,2
24,2
25,2
27,2
28,2
29,2
371,2
372,2
130,2
373,2
131,2
132,2
375,2
133,2
376,2
134,2
377,1
135,2
378,2
137,2
379,2
139,2
34,2
35,2
36,2
39,2
380,1
381,2
140,2
382,2
141,2
383,2
142,2
384,2
143,2
385,2
386,2
387,2
146,1
388,2
147,2
389,2
148,1
149,2
40,2
41,2
42,2
43,2
44,2
46,2
47,2
48,2
49,2
390,2
391,2
150,2
392,2
393,2
152,2
394,2
153,2
395,2
154,2
396,2
155,2
397,2
156,2
398,2
157,2
399,2
158,2
159,2
51,2
52,2
53,2
54,2
55,2
56,2
57,2
58,2
59,2
160,2
162,2
163,2
165,2
166,1
167,2
168,2
169,2
60,2
61,2
62,2
63,2
64,1
65,2
66,2
67,2
68,2
69,2
170,2
171,2
172,2
173,2
174,2
176,2
177,1
178,1
179,2
73,1
74,1
75,2
76,2
77,2
78,2
79,2
180,2
181,2
182,2
183,2
184,2
186,2
187,2
188,2
189,2
80,2
81,2
82,2
83,2
84,2
85,2
86,2
87,2
88,1
89,2
190,2
191,2
192,2
193,2
194,2
195,2
196,2
197,2
198,2
199,2
90,2
91,2
92,2
93,2
94,2
95,2
96,2
97,2
98,2
99,2
