0 734
6 1001
12 996
528 644
21 932
25 654
35 953
44 932
48 981
564 748
61 872
581 872
588 600
603 414
99 768
616 602
624 651
114 981
118 756
121 963
124 908
638 638
135 914
138 990
149 655
155 855
677 434
168 936
171 981
180 932
187 671
194 1001
199 918
714 813
205 925
722 278
728 885
233 932
239 373
761 393
254 932
257 568
265 957
783 654
275 835
792 121
797 797
801 820
804 971
295 943
306 858
823 971
837 837
328 560
335 933
339 883
856 950
860 978
358 913
364 433
369 304
374 856
382 393
900 978
905 905
910 65
914 914
411 981
417 981
420 932
425 714
942 435
948 381
952 952
446 933
448 971
967 913
976 976
982 1
473 963
987 914
997 953
491 892
495 932
499 922
508 747
512 512
514 971
520 991
10 971
18 797
532 552
23 953
28 953
548 607
551 733
47 981
565 754
567 567
582 971
589 638
592 933
598 598
93 971
614 756
629 440
635 812
639 639
644 820
649 649
652 478
144 615
150 820
666 666
675 675
679 971
174 971
177 905
698 949
703 703
197 918
723 971
727 483
733 777
740 971
234 963
241 963
246 856
764 541
766 766
258 1003
263 981
266 754
786 786
788 788
790 1
283 932
798 798
298 812
814 344
304 971
308 880
824 191
829 523
323 768
841 841
846 846
344 381
862 777
867 411
875 1
367 980
884 884
888 412
381 548
898 898
393 932
403 971
923 923
926 963
932 963
936 936
428 812
944 1
437 860
965 936
969 509
465 809
471 810
477 478
480 971
484 936
1002 560
504 971
511 949
7 856
17 932
29 971
34 545
39 883
43 569
52 820
60 947
64 980
67 549
70 932
75 753
78 581
82 963
85 872
89 933
92 887
97 768
102 832
107 963
110 478
119 980
130 936
137 982
146 615
156 907
159 963
163 932
172 847
181 947
184 971
188 971
195 859
204 936
210 963
215 905
218 596
222 905
225 756
231 936
236 963
244 963
251 971
262 907
271 949
278 621
289 482
293 856
300 896
313 560
319 963
325 971
330 860
336 971
342 851
349 644
354 404
360 971
363 577
371 932
376 869
384 495
388 394
395 908
398 379
404 963
408 859
416 971
421 856
431 756
434 859
444 981
450 813
453 932
459 759
462 546
466 971
470 980
482 820
486 820
492 932
501 569
509 969
517 743
523 836
527 981
538 777
542 544
550 747
556 556
561 462
569 971
572 939
576 932
580 580
587 832
596 596
604 546
609 609
613 793
618 820
621 518
628 628
640 937
646 646
653 653
657 269
661 856
667 747
673 673
680 380
685 949
691 691
695 971
704 704
708 748
713 509
718 305
725 486
732 732
737 737
741 741
746 746
750 1
754 971
758 758
770 353
774 285
779 549
793 748
800 615
809 971
813 544
819 461
825 923
828 615
832 1001
840 840
847 981
854 420
858 1
864 411
871 231
877 812
887 887
893 971
901 1
906 546
912 526
917 974
925 981
934 549
945 945
951 957
955 955
961 377
968 968
973 971
980 980
990 1001
995 1
513 747
4 1001
8 971
14 1000
19 957
533 906
536 601
31 932
549 747
553 598
50 654
53 922
55 949
583 521
590 953
594 372
88 810
606 495
103 537
631 631
636 636
131 963
134 777
139 933
143 820
658 658
663 747
668 157
164 929
681 851
688 543
179 971
700 971
193 1001
711 711
212 932
730 730
226 892
230 920
240 963
243 963
248 549
253 932
255 932
772 772
776 936
780 84
787 21
789 654
279 333
795 417
805 971
812 991
815 880
818 549
310 932
314 892
318 981
324 971
843 567
849 859
345 681
351 518
868 320
876 564
880 949
373 812
889 828
897 263
899 2
907 936
406 971
924 845
415 852
423 981
937 937
940 128
435 440
439 338
966 189
970 820
977 977
984 333
478 652
481 949
487 922
493 932
505 971
13 980
26 971
32 883
36 914
40 919
45 932
56 949
62 859
65 840
68 932
72 524
76 981
80 880
83 963
86 963
90 494
94 974
100 935
105 914
108 971
116 914
122 515
132 859
141 957
153 932
157 880
160 963
165 978
175 685
182 872
185 800
191 907
201 918
208 930
211 949
216 971
219 483
223 756
228 695
232 1000
237 963
245 981
252 949
267 707
272 812
285 949
291 543
294 931
301 963
315 695
320 616
327 945
331 856
337 883
343 971
352 851
356 896
361 981
366 886
372 494
379 719
386 560
390 756
396 395
400 971
405 896
409 506
418 747
422 820
432 433
438 900
445 917
451 569
454 357
460 748
463 463
467 971
474 950
483 917
488 971
494 918
506 971
515 817
518 954
525 951
535 777
540 971
543 813
552 949
558 856
562 840
570 971
573 856
577 363
585 813
591 591
599 242
605 851
610 610
615 800
619 613
623 813
633 633
642 932
648 648
654 820
659 659
662 662
669 783
674 754
683 683
686 564
693 366
699 971
705 705
709 404
715 799
719 841
729 971
734 695
738 809
742 742
747 971
751 820
756 756
759 121
771 518
775 560
781 621
794 335
803 1001
810 321
816 953
820 970
826 1001
830 452
833 833
842 211
851 907
855 549
859 963
866 411
873 425
878 35
890 890
894 327
902 5
908 922
915 38
919 981
928 211
938 611
946 641
953 845
956 933
963 963
971 971
974 918
986 470
992 992
999 145
1 979
522 563
524 1
530 538
22 686
30 820
547 981
557 917
560 922
566 971
574 425
584 563
595 52
608 971
611 938
622 238
113 981
115 932
630 630
634 634
125 937
129 992
136 820
145 999
151 816
672 971
678 678
169 932
176 611
696 307
189 941
707 957
712 995
203 829
206 1000
724 338
735 592
748 944
247 707
249 932
256 820
261 980
268 756
785 545
791 623
282 812
286 880
290 936
806 809
296 932
309 905
321 971
838 45
332 971
848 445
340 932
346 820
861 350
870 425
879 1
881 96
377 947
383 383
391 971
394 947
399 813
918 1000
412 991
930 963
933 956
939 572
943 1
950 963
442 981
959 377
960 377
455 981
979 979
983 333
985 376
991 859
998 65
1003 258
496 602
500 699
3 971
16 828
27 917
33 590
37 667
42 820
51 970
57 949
63 971
66 513
69 958
73 756
77 932
81 952
84 662
87 974
91 514
96 924
101 768
106 979
109 424
117 613
128 974
133 971
142 963
154 963
158 963
161 667
170 979
178 539
183 956
186 856
192 832
202 820
209 963
213 957
217 886
221 745
224 560
229 721
235 971
242 963
250 741
259 818
269 933
273 886
287 896
292 1000
299 855
312 841
317 695
322 933
329 989
333 981
338 932
347 814
353 828
357 615
362 956
370 725
375 896
380 537
387 485
392 588
397 869
402 420
407 856
410 486
419 932
427 980
433 433
443 981
449 414
452 971
457 971
461 812
464 847
468 730
476 478
485 981
490 932
497 811
507 507
516 743
521 823
526 840
537 613
541 641
546 970
555 856
559 559
568 568
571 552
575 851
579 592
586 932
593 974
600 813
607 695
612 963
617 618
620 620
625 412
637 637
645 645
651 651
655 655
660 660
664 664
671 932
676 447
684 684
687 404
694 664
701 462
706 936
710 971
717 788
721 721
731 731
736 736
739 569
743 743
749 820
752 283
757 980
767 803
773 773
778 971
784 784
799 971
808 808
811 340
817 817
821 160
827 506
831 258
835 789
845 953
853 82
857 301
863 1
869 841
874 425
883 883
891 892
895 417
903 907
911 222
916 414
921 930
929 933
941 1
949 949
954 615
958 962
964 373
972 913
978 860
989 989
993 408
1001 826
5 980
11 956
15 933
531 932
24 609
544 932
41 932
46 933
49 643
59 949
578 577
74 950
602 707
98 932
104 549
111 478
626 87
627 971
632 632
123 860
126 812
641 641
650 215
148 434
152 726
162 859
167 936
682 681
690 690
697 697
702 932
198 820
200 918
716 716
720 856
726 726
744 744
238 963
760 592
762 516
768 708
264 856
782 526
274 678
280 922
796 828
288 613
802 802
807 303
305 949
822 953
836 836
839 377
844 971
850 546
852 852
348 349
355 932
359 951
368 896
886 59
378 491
896 896
904 321
909 493
401 971
920 435
414 443
931 963
424 820
429 933
947 947
440 840
957 951
447 933
962 958
458 813
981 981
472 610
475 375
996 12
489 932
1004 55
498 922
503 506
2 1001
519 809
9 971
529 922
20 971
534 813
539 531
545 588
38 592
554 971
563 822
54 949
58 963
71 612
79 922
597 932
601 886
95 942
112 896
120 380
127 491
643 963
647 685
140 929
656 380
147 932
665 886
670 670
166 1000
173 932
689 689
692 231
190 971
196 971
207 918
214 851
220 377
227 932
745 979
753 914
755 1
763 763
765 912
769 559
260 509
777 971
270 611
276 568
277 971
281 949
284 971
297 905
302 809
303 932
307 971
311 905
316 979
834 107
326 932
334 933
341 560
350 939
865 865
872 707
365 833
882 166
885 887
892 896
385 395
389 611
913 956
922 956
413 813
927 963
935 936
426 840
430 971
436 438
441 720
456 456
975 971
469 478
988 411
479 479
994 6
1000 918
502 661
510 674
