0,6
4,18
8,4
12,12
16,4
20,10
24,3
28,14
32,6
36,6
40,27
44,11
48,24
52,7
56,15
60,9
64,24
68,7
72,5
76,3
80,13
84,23
88,3
92,8
96,31
100,5
104,7
108,9
112,1
116,14
120,2
124,3
128,20
132,12
136,14
140,15
144,4
148,4
152,6
156,2
160,53
164,10
168,10
172,9
176,5
180,27
184,10
188,20
192,7
196,18
200,1
204,5
208,1
212,27
216,15
220,2
224,0
228,0
232,19
236,11
240,3
244,6
248,4
252,25
256,5
260,7
264,11
268,6
272,7
276,0
280,22
284,12
288,9
292,3
296,14
300,6
304,3
308,4
312,3
316,6
320,15
324,3
328,3
332,0
336,12
340,20
344,6
348,0
352,2
356,5
360,1
364,2
368,2
372,11
376,6
380,12
384,0
388,2
392,0
396,0
400,3
404,27
408,13
412,8
416,1
420,8
424,14
428,8
432,0
436,0
440,17
444,5
448,11
452,8
456,1
460,8
464,6
468,0
472,0
476,2
480,4
484,5
488,0
492,3
496,7
500,0
504,1
508,5
512,1
516,5
520,9
524,1
528,4
532,0
536,1
540,0
544,1
548,1
552,3
556,3
560,5
564,1
568,4
572,1
576,0
580,1
584,0
588,0
592,2
596,1
600,0
604,0
608,3
612,4
616,2
620,1
624,0
628,1
632,1
636,1
640,0
644,1
648,1
652,1
656,0
660,1
664,0
668,0
672,0
676,0
680,0
684,1
688,0
692,0
696,0
700,0
704,1
708,0
712,0
716,1
720,0
724,0
1,1
5,25
9,3
13,33
17,33
21,29
25,4
29,25
33,3
37,9
41,44
45,9
49,6
53,5
57,6
61,17
65,11
69,18
73,9
77,2
81,18
85,6
89,9
93,3
97,8
101,4
105,32
109,2
113,30
117,2
121,18
125,2
129,53
133,28
137,18
141,16
145,10
149,4
153,4
157,25
161,3
165,40
169,17
173,11
177,10
181,17
185,5
189,3
193,3
197,3
201,6
205,0
209,23
213,12
217,7
221,2
225,3
229,4
233,29
237,1
241,1
245,8
249,29
253,1
257,2
261,1
265,5
269,25
273,4
277,2
281,10
285,17
289,0
293,1
297,2
301,13
305,13
309,9
313,0
317,2
321,11
325,1
329,20
333,7
337,5
341,8
345,4
349,3
353,8
357,12
361,9
365,1
369,0
373,2
377,36
381,6
385,5
389,4
393,44
397,7
401,6
405,3
409,6
413,9
417,19
421,2
425,4
429,11
433,11
437,4
441,5
445,0
449,0
453,0
457,1
461,9
465,2
469,1
473,8
477,3
481,5
485,3
489,5
493,15
497,2
501,0
505,0
509,0
513,6
517,0
521,7
525,7
529,4
533,2
537,3
541,3
545,2
549,10
553,3
557,2
561,0
565,1
569,10
573,1
577,3
581,8
585,1
589,6
593,3
597,0
601,0
605,0
609,0
613,3
617,1
621,1
625,0
629,1
633,1
637,1
641,1
645,1
649,0
653,1
657,0
661,2
665,6
669,1
673,0
677,0
681,2
685,2
689,0
693,0
697,0
701,0
705,1
709,0
713,0
717,1
721,0
725,0
2,31
6,20
10,7
14,26
18,7
22,4
26,5
30,8
34,6
38,10
42,32
46,23
50,5
54,9
58,32
62,71
66,1
70,4
74,28
78,0
82,21
86,44
90,9
94,4
98,3
102,6
106,26
110,0
114,43
118,2
122,6
126,2
130,1
134,9
138,4
142,15
146,5
150,8
154,6
158,10
162,6
166,4
170,22
174,23
178,13
182,2
186,5
190,8
194,10
198,2
202,0
206,1
210,13
214,7
218,9
222,8
226,7
230,5
234,8
238,9
242,2
246,2
250,7
254,13
258,10
262,5
266,0
270,1
274,3
278,5
282,28
286,12
290,13
294,2
298,3
302,6
306,4
310,3
314,5
318,5
322,7
326,0
330,2
334,4
338,14
342,1
346,6
350,1
354,2
358,0
362,15
366,9
370,10
374,3
378,4
382,0
386,0
390,7
394,12
398,0
402,1
406,1
410,2
414,6
418,6
422,2
426,1
430,8
434,36
438,24
442,0
446,3
450,18
454,2
458,9
462,6
466,9
470,4
474,19
478,3
482,8
486,10
490,5
494,10
498,5
502,1
506,8
510,2
514,1
518,1
522,1
526,6
530,0
534,3
538,3
542,14
546,3
550,1
554,6
558,0
562,5
566,6
570,1
574,0
578,0
582,1
586,0
590,1
594,0
598,1
602,2
606,0
610,2
614,0
618,0
622,0
626,0
630,1
634,2
638,18
642,1
646,1
650,1
654,1
658,1
662,2
666,3
670,1
674,0
678,0
682,0
686,0
690,1
694,0
698,3
702,0
706,0
710,0
714,0
718,0
722,0
3,13
7,12
11,11
15,8
19,15
23,25
27,26
31,3
35,10
39,3
43,8
47,11
51,16
55,12
59,10
63,35
67,1
71,12
75,8
79,7
83,24
87,15
91,10
95,18
99,8
103,16
107,42
111,0
115,36
119,0
123,10
127,7
131,7
135,6
139,16
143,9
147,10
151,4
155,13
159,15
163,1
167,12
171,4
175,8
179,11
183,26
187,6
191,30
195,9
199,17
203,0
207,3
211,36
215,9
219,1
223,5
227,1
231,7
235,2
239,0
243,3
247,2
251,10
255,5
259,5
263,24
267,7
271,6
275,10
279,2
283,21
287,4
291,2
295,41
299,2
303,21
307,0
311,5
315,0
319,1
323,8
327,7
331,3
335,7
339,5
343,3
347,0
351,14
355,6
359,12
363,27
367,10
371,13
375,24
379,10
383,1
387,4
391,1
395,7
399,0
403,1
407,0
411,5
415,0
419,9
423,5
427,9
431,1
435,2
439,0
443,0
447,9
451,4
455,7
459,1
463,0
467,7
471,3
475,0
479,0
483,6
487,1
491,5
495,25
499,15
503,0
507,1
511,1
515,4
519,1
523,1
527,9
531,1
535,1
539,2
543,6
547,4
551,2
555,0
559,3
563,1
567,0
571,0
575,0
579,3
583,0
587,0
591,2
595,0
599,0
603,0
607,1
611,1
615,0
619,1
623,1
627,1
631,1
635,9
639,0
643,0
647,1
651,2
655,1
659,1
663,4
667,4
671,1
675,1
679,2
683,1
687,0
691,1
695,15
699,2
703,1
707,1
711,1
715,0
719,0
723,1
0,16
4,31
8,8
12,25
16,17
20,23
24,13
28,29
32,8
36,10
40,33
44,39
48,39
52,7
56,21
60,22
64,46
68,18
72,6
76,11
80,25
84,42
88,7
92,18
96,39
100,12
104,10
108,30
112,6
116,44
120,2
124,12
128,44
132,24
136,16
140,22
144,6
148,7
152,16
156,7
160,124
164,22
168,31
172,37
176,12
180,46
184,25
188,21
192,9
196,19
200,10
204,5
208,2
212,77
216,17
220,2
224,1
228,0
232,25
236,19
240,4
244,9
248,6
252,25
256,15
260,11
264,18
268,10
272,15
276,0
280,30
284,22
288,21
292,8
296,17
300,14
304,8
308,9
312,7
316,8
320,19
324,8
328,9
332,3
336,14
340,33
344,8
348,1
352,13
356,14
360,11
364,2
368,3
372,12
376,14
380,23
384,0
388,4
392,3
396,0
400,9
404,37
408,21
412,13
416,1
420,25
424,36
428,14
432,1
436,0
440,26
444,11
448,15
452,16
456,1
460,13
464,13
468,0
472,0
476,2
480,8
484,7
488,0
492,8
496,9
500,0
504,9
508,5
512,2
516,11
520,25
524,1
528,7
532,1
536,2
540,1
544,3
548,13
552,11
556,4
560,16
564,1
568,10
572,4
576,0
580,1
584,0
588,4
592,23
596,1
600,1
604,0
608,6
612,10
616,2
620,2
624,1
628,1
632,3
636,1
640,3
644,4
648,1
652,2
656,0
660,1
664,0
668,0
672,1
676,0
680,0
684,1
688,0
692,0
696,0
700,1
704,1
708,0
712,0
716,1
720,9
724,0
728,2
732,1
736,1
740,0
744,1
748,9
752,0
756,2
760,2
764,0
768,0
772,1
776,3
780,0
784,0
788,2
792,0
796,0
800,2
804,0
808,1
812,0
816,0
1,1
5,54
9,9
13,54
17,43
21,68
25,8
29,32
33,4
37,24
41,66
45,15
49,7
53,5
57,20
61,23
65,20
69,31
73,10
77,10
81,37
85,12
89,21
93,11
97,17
101,10
105,56
109,3
113,43
117,7
121,72
125,5
129,67
133,45
137,30
141,31
145,17
149,6
153,10
157,31
161,12
165,55
169,41
173,33
177,17
181,33
185,22
189,29
193,5
197,6
201,16
205,2
209,29
213,20
217,17
221,9
225,10
229,15
233,52
237,14
241,3
245,14
249,52
253,3
257,5
261,7
265,14
269,31
273,6
277,6
281,22
285,35
289,0
293,5
297,4
301,25
305,25
309,16
313,1
317,4
321,18
325,6
329,45
333,23
337,14
341,8
345,12
349,5
353,20
357,23
361,19
365,1
369,6
373,12
377,86
381,10
385,10
389,10
393,53
397,18
401,20
405,47
409,32
413,11
417,29
421,5
425,5
429,17
433,13
437,7
441,14
445,2
449,0
453,3
457,2
461,17
465,2
469,4
473,18
477,4
481,18
485,9
489,16
493,42
497,6
501,0
505,0
509,0
513,12
517,2
521,8
525,14
529,10
533,12
537,6
541,8
545,5
549,25
553,4
557,5
561,0
565,2
569,22
573,3
577,6
581,8
585,2
589,12
593,5
597,3
601,0
605,0
609,2
613,4
617,1
621,4
625,0
629,1
633,1
637,1
641,6
645,4
649,0
653,1
657,0
661,9
665,14
669,1
673,2
677,0
681,11
685,14
689,1
693,0
697,1
701,0
705,1
709,0
713,1
717,1
721,0
725,2
729,0
733,2
737,1
741,1
745,4
749,0
753,2
757,0
761,0
765,0
769,0
773,2
777,0
781,0
785,0
789,0
793,1
797,2
801,0
805,0
809,8
813,2
817,0
2,41
6,43
10,14
14,41
18,13
22,11
26,8
30,13
34,8
38,16
42,35
46,34
50,9
54,19
58,64
62,110
66,5
70,7
74,49
78,0
82,97
86,69
90,13
94,8
98,9
102,11
106,46
110,2
114,72
118,4
122,12
126,4
130,1
134,12
138,9
142,32
146,10
150,9
154,10
158,22
162,16
166,18
170,36
174,35
178,18
182,7
186,6
190,14
194,15
198,6
202,0
206,6
210,27
214,16
218,38
222,12
226,22
230,7
234,22
238,17
242,8
246,5
250,17
254,72
258,31
262,7
266,12
270,3
274,5
278,13
282,64
286,19
290,29
294,8
298,4
302,6
306,9
310,8
314,18
318,26
322,13
326,3
330,3
334,8
338,29
342,6
346,11
350,7
354,3
358,20
362,19
366,21
370,24
374,3
378,5
382,0
386,0
390,12
394,16
398,0
402,1
406,15
410,5
414,7
418,11
422,2
426,11
430,17
434,86
438,34
442,0
446,3
450,38
454,3
458,16
462,13
466,19
470,6
474,41
478,25
482,15
486,13
490,7
494,26
498,24
502,14
506,23
510,4
514,1
518,11
522,1
526,18
530,4
534,3
538,7
542,15
546,9
550,6
554,9
558,0
562,9
566,14
570,10
574,0
578,0
582,3
586,0
590,7
594,0
598,1
602,4
606,0
610,8
614,1
618,1
622,0
626,0
630,1
634,2
638,19
642,3
646,1
650,1
654,2
658,1
662,5
666,9
670,1
674,5
678,2
682,0
686,2
690,6
694,0
698,8
702,0
706,0
710,0
714,2
718,0
722,0
726,9
730,3
734,2
738,11
742,0
746,1
750,1
754,10
758,0
762,0
766,1
770,0
774,0
778,1
782,0
786,2
790,1
794,0
798,1
802,4
806,0
810,2
814,1
3,18
7,32
11,30
15,17
19,27
23,28
27,27
31,11
35,30
39,6
43,8
47,16
51,19
55,13
59,15
63,58
67,3
71,13
75,10
79,12
83,57
87,43
91,17
95,21
99,13
103,20
107,77
111,0
115,52
119,0
123,16
127,11
131,13
135,12
139,20
143,20
147,32
151,14
155,27
159,19
163,17
167,20
171,9
175,9
179,17
183,61
187,22
191,35
195,12
199,24
203,0
207,5
211,60
215,30
219,1
223,19
227,1
231,22
235,5
239,0
243,9
247,5
251,18
255,8
259,11
263,28
267,10
271,10
275,13
279,3
283,65
287,5
291,3
295,48
299,5
303,27
307,5
311,8
315,0
319,1
323,16
327,10
331,15
335,10
339,32
343,5
347,1
351,34
355,12
359,22
363,34
367,25
371,25
375,31
379,41
383,1
387,7
391,1
395,11
399,3
403,4
407,10
411,20
415,2
419,23
423,10
427,16
431,3
435,5
439,0
443,0
447,15
451,5
455,18
459,5
463,1
467,9
471,4
475,0
479,0
483,8
487,2
491,12
495,39
499,23
503,0
507,2
511,2
515,14
519,1
523,3
527,9
531,9
535,7
539,2
543,9
547,12
551,5
555,1
559,4
563,5
567,1
571,0
575,0
579,4
583,0
587,2
591,2
595,0
599,0
603,0
607,1
611,3
615,5
619,2
623,2
627,3
631,1
635,9
639,1
643,1
647,2
651,2
655,4
659,1
663,5
667,5
671,3
675,1
679,4
683,1
687,0
691,1
695,20
699,3
703,1
707,4
711,1
715,1
719,0
723,2
727,1
731,1
735,0
739,0
743,4
747,2
751,2
755,1
759,1
763,1
767,0
771,0
775,0
779,0
783,2
787,0
791,1
795,0
799,1
803,2
807,0
811,0
815,2
0,30
4,47
8,19
12,31
16,31
20,35
24,16
28,52
32,10
36,12
40,37
44,51
48,41
52,13
56,25
60,28
64,71
68,29
72,6
76,12
80,34
84,76
88,9
92,26
96,59
100,25
104,12
108,31
112,6
116,53
120,4
124,26
128,70
132,35
136,17
140,26
144,8
148,13
152,24
156,9
160,233
164,27
168,41
172,47
176,16
180,49
184,35
188,25
192,16
196,20
200,12
204,6
208,4
212,79
216,21
220,7
224,5
228,0
232,29
236,26
240,6
244,11
248,12
252,25
256,25
260,13
264,25
268,13
272,24
276,1
280,53
284,29
288,26
292,13
296,18
300,30
304,13
308,15
312,12
316,12
320,31
324,8
328,15
332,16
336,18
340,49
344,11
348,1
352,13
356,22
360,13
364,2
368,19
372,14
376,25
380,24
384,0
388,11
392,5
396,0
400,17
404,44
408,29
412,34
416,1
420,45
424,76
428,15
432,1
436,0
440,49
444,14
448,19
452,23
456,1
460,27
464,19
468,0
472,0
476,2
480,22
484,9
488,0
492,14
496,12
500,8
504,15
508,10
512,2
516,12
520,34
524,1
528,8
532,1
536,5
540,3
544,7
548,18
552,14
556,4
560,24
564,9
568,16
572,7
576,0
580,1
584,0
588,7
592,25
596,3
600,3
604,0
608,16
612,12
616,3
620,2
624,1
628,1
632,3
636,1
640,6
644,8
648,1
652,2
656,0
660,1
664,4
668,0
672,2
676,0
680,0
684,1
688,0
692,2
696,1
700,8
704,1
708,3
712,0
716,1
720,16
724,0
728,2
732,1
736,1
740,1
744,1
748,16
752,0
756,8
760,2
764,0
768,3
772,1
776,9
780,0
784,1
788,2
792,0
796,0
800,2
804,0
808,1
812,0
816,5
820,56
824,1
828,10
832,11
836,1
840,0
844,1
848,0
852,0
856,4
860,0
864,0
1,1
5,88
9,17
13,99
17,78
21,93
25,14
29,38
33,5
37,28
41,69
45,21
49,7
53,12
57,35
61,32
65,29
69,43
73,23
77,14
81,60
85,17
89,31
93,26
97,19
101,14
105,74
109,3
113,48
117,8
121,129
125,16
129,94
133,59
137,47
141,43
145,32
149,16
153,17
157,65
161,18
165,76
169,56
173,43
177,24
181,39
185,22
189,30
193,9
197,11
201,37
205,4
209,40
213,24
217,17
221,30
225,14
229,23
233,54
237,15
241,11
245,30
249,100
253,23
257,10
261,19
265,23
269,39
273,22
277,11
281,35
285,50
289,0
293,12
297,7
301,42
305,37
309,17
313,4
317,16
321,22
325,9
329,60
333,60
337,20
341,8
345,16
349,16
353,21
357,35
361,29
365,2
369,6
373,17
377,93
381,15
385,14
389,19
393,61
397,21
401,25
405,57
409,41
413,12
417,36
421,8
425,9
429,23
433,15
437,13
441,29
445,6
449,0
453,11
457,7
461,19
465,2
469,6
473,24
477,5
481,26
485,14
489,24
493,60
497,8
501,0
505,0
509,0
513,13
517,4
521,10
525,18
529,15
533,28
537,9
541,8
545,11
549,29
553,5
557,10
561,0
565,6
569,28
573,7
577,8
581,9
585,5
589,12
593,16
597,6
601,2
605,0
609,2
613,4
617,1
621,7
625,0
629,1
633,1
637,1
641,6
645,4
649,2
653,1
657,0
661,20
665,19
669,1
673,2
677,0
681,14
685,25
689,2
693,0
697,2
701,0
705,2
709,0
713,1
717,1
721,2
725,3
729,0
733,7
737,1
741,3
745,5
749,0
753,2
757,1
761,0
765,0
769,0
773,2
777,4
781,0
785,0
789,1
793,2
797,3
801,0
805,0
809,24
813,24
817,1
821,1
825,1
829,2
833,1
837,1
841,2
845,4
849,0
853,0
857,0
861,0
865,2
2,59
6,58
10,19
14,50
18,24
22,12
26,12
30,24
34,23
38,19
42,35
46,40
50,10
54,33
58,91
62,152
66,6
70,9
74,67
78,0
82,152
86,89
90,17
94,19
98,13
102,15
106,67
110,2
114,89
118,8
122,15
126,11
130,1
134,17
138,15
142,52
146,14
150,10
154,13
158,32
162,23
166,43
170,51
174,41
178,20
182,39
186,9
190,19
194,24
198,29
202,1
206,33
210,37
214,28
218,42
222,33
226,30
230,10
234,30
238,22
242,12
246,6
250,19
254,74
258,37
262,14
266,18
270,5
274,7
278,28
282,78
286,24
290,45
294,10
298,9
302,12
306,15
310,14
314,36
318,31
322,17
326,8
330,3
334,10
338,37
342,30
346,15
350,13
354,4
358,29
362,28
366,50
370,34
374,18
378,6
382,0
386,0
390,17
394,21
398,0
402,1
406,16
410,7
414,9
418,13
422,7
426,26
430,24
434,131
438,53
442,4
446,6
450,51
454,4
458,22
462,13
466,22
470,6
474,45
478,29
482,29
486,21
490,10
494,45
498,48
502,18
506,27
510,7
514,1
518,19
522,3
526,27
530,6
534,3
538,8
542,17
546,23
550,7
554,9
558,2
562,13
566,14
570,14
574,0
578,0
582,4
586,0
590,8
594,0
598,5
602,12
606,0
610,13
614,1
618,3
622,0
626,0
630,1
634,2
638,21
642,4
646,1
650,1
654,3
658,1
662,10
666,12
670,1
674,9
678,5
682,0
686,6
690,8
694,3
698,10
702,0
706,2
710,0
714,5
718,0
722,0
726,9
730,6
734,2
738,19
742,2
746,1
750,1
754,12
758,0
762,0
766,1
770,0
774,0
778,2
782,0
786,5
790,1
794,0
798,1
802,4
806,4
810,10
814,3
818,4
822,6
826,12
830,0
834,0
838,0
842,0
846,1
850,0
854,0
858,1
862,0
3,26
7,49
11,47
15,31
19,35
23,40
27,31
31,24
35,35
39,9
43,8
47,23
51,29
55,20
59,30
63,81
67,5
71,13
75,11
79,26
83,70
87,83
91,21
95,28
99,14
103,26
107,109
111,1
115,80
119,0
123,18
127,13
131,18
135,17
139,22
143,29
147,34
151,19
155,41
159,27
163,21
167,33
171,13
175,9
179,25
183,112
187,32
191,42
195,26
199,35
203,0
207,8
211,96
215,47
219,2
223,34
227,1
231,33
235,7
239,0
243,14
247,8
251,24
255,33
259,17
263,29
267,10
271,17
275,15
279,4
283,78
287,8
291,8
295,55
299,8
303,53
307,12
311,10
315,0
319,1
323,25
327,19
331,19
335,14
339,39
343,6
347,1
351,40
355,27
359,25
363,40
367,36
371,39
375,36
379,42
383,1
387,9
391,5
395,15
399,7
403,5
407,10
411,31
415,2
419,31
423,16
427,28
431,5
435,9
439,0
443,30
447,19
451,7
455,34
459,16
463,2
467,13
471,5
475,0
479,0
483,14
487,7
491,15
495,57
499,29
503,0
507,2
511,5
515,19
519,16
523,10
527,10
531,21
535,7
539,3
543,20
547,16
551,6
555,3
559,6
563,8
567,2
571,0
575,0
579,9
583,0
587,4
591,5
595,0
599,9
603,0
607,3
611,3
615,14
619,2
623,3
627,8
631,1
635,9
639,1
643,2
647,6
651,7
655,14
659,1
663,7
667,9
671,4
675,1
679,7
683,1
687,0
691,1
695,22
699,6
703,1
707,9
711,1
715,1
719,2
723,5
727,1
731,1
735,0
739,0
743,4
747,8
751,3
755,1
759,1
763,1
767,0
771,0
775,0
779,0
783,4
787,0
791,1
795,0
799,2
803,5
807,0
811,2
815,16
819,0
823,2
827,0
831,0
835,1
839,1
843,1
847,6
851,5
855,1
859,2
863,1
0,35
4,72
8,22
12,42
16,40
20,45
24,28
28,64
32,14
36,19
40,43
44,63
48,47
52,19
56,36
60,49
64,93
68,32
72,6
76,14
80,48
84,123
88,16
92,34
96,99
100,33
104,15
108,33
112,7
116,62
120,7
124,28
128,91
132,50
136,17
140,28
144,10
148,16
152,33
156,11
160,292
164,35
168,50
172,66
176,21
180,55
184,48
188,31
192,18
196,21
200,16
204,14
208,9
212,81
216,22
220,8
224,5
228,0
232,59
236,30
240,12
244,17
248,13
252,72
256,33
260,13
264,35
268,17
272,32
276,2
280,77
284,36
288,32
292,18
296,19
300,56
304,15
308,24
312,15
316,20
320,37
324,10
328,15
332,20
336,21
340,63
344,14
348,2
352,17
356,28
360,15
364,2
368,25
372,19
376,40
380,30
384,0
388,14
392,7
396,0
400,26
404,58
408,40
412,52
416,1
420,60
424,98
428,22
432,1
436,0
440,53
444,26
448,29
452,36
456,2
460,30
464,23
468,0
472,0
476,2
480,27
484,9
488,5
492,15
496,14
500,11
504,29
508,14
512,5
516,13
520,41
524,1
528,11
532,1
536,9
540,4
544,11
548,19
552,23
556,6
560,34
564,33
568,18
572,9
576,0
580,1
584,0
588,13
592,25
596,3
600,5
604,0
608,19
612,19
616,5
620,2
624,1
628,1
632,3
636,1
640,8
644,8
648,1
652,4
656,0
660,1
664,4
668,0
672,3
676,0
680,0
684,1
688,0
692,2
696,3
700,11
704,1
708,10
712,0
716,1
720,19
724,0
728,4
732,1
736,1
740,1
744,1
748,20
752,0
756,14
760,3
764,0
768,6
772,1
776,14
780,0
784,1
788,2
792,0
796,0
800,3
804,0
808,1
812,33
816,6
820,93
824,1
828,22
832,18
836,1
840,6
844,1
848,0
852,2
856,27
860,13
864,0
868,0
872,3
876,0
880,12
884,1
888,0
892,14
896,16
900,1
904,0
908,1
912,2
1,1
5,114
9,29
13,130
17,100
21,109
25,17
29,43
33,7
37,31
41,71
45,31
49,9
53,29
57,52
61,59
65,61
69,53
73,27
77,14
81,75
85,20
89,45
93,39
97,23
101,17
105,84
109,4
113,57
117,10
121,205
125,18
129,123
133,64
137,58
141,55
145,46
149,25
153,17
157,69
161,23
165,87
169,90
173,54
177,30
181,46
185,22
189,36
193,13
197,15
201,48
205,9
209,62
213,29
217,17
221,37
225,15
229,27
233,54
237,18
241,16
245,35
249,137
253,25
257,12
261,25
265,29
269,50
273,23
277,13
281,39
285,61
289,0
293,13
297,8
301,57
305,44
309,21
313,4
317,16
321,29
325,11
329,65
333,81
337,24
341,8
345,17
349,17
353,30
357,38
361,31
365,2
369,6
373,30
377,104
381,19
385,15
389,20
393,67
397,29
401,40
405,96
409,64
413,25
417,49
421,13
425,31
429,25
433,18
437,16
441,29
445,6
449,0
453,15
457,17
461,21
465,11
469,8
473,33
477,6
481,31
485,17
489,28
493,63
497,8
501,0
505,0
509,15
513,23
517,4
521,10
525,22
529,20
533,101
537,27
541,14
545,12
549,62
553,6
557,14
561,0
565,7
569,31
573,11
577,9
581,18
585,6
589,17
593,19
597,10
601,7
605,0
609,3
613,6
617,1
621,8
625,0
629,1
633,1
637,1
641,11
645,4
649,3
653,1
657,0
661,28
665,21
669,3
673,2
677,0
681,16
685,36
689,2
693,0
697,2
701,0
705,2
709,0
713,2
717,3
721,2
725,3
729,0
733,10
737,1
741,3
745,5
749,0
753,4
757,1
761,0
765,2
769,0
773,2
777,9
781,0
785,0
789,1
793,3
797,5
801,0
805,0
809,37
813,24
817,3
821,1
825,1
829,2
833,2
837,2
841,6
845,15
849,0
853,0
857,0
861,0
865,10
869,4
873,0
877,1
881,0
885,4
889,3
893,0
897,0
901,1
905,8
909,2
913,0
2,75
6,86
10,25
14,65
18,30
22,12
26,19
30,45
34,25
38,25
42,35
46,45
50,11
54,42
58,109
62,182
66,22
70,10
74,73
78,0
82,192
86,140
90,20
94,25
98,15
102,19
106,85
110,4
114,108
118,14
122,16
126,17
130,1
134,19
138,21
142,89
146,23
150,18
154,21
158,33
162,32
166,99
170,62
174,54
178,27
182,42
186,15
190,25
194,29
198,34
202,1
206,45
210,47
214,31
218,45
222,38
226,35
230,13
234,33
238,28
242,18
246,10
250,23
254,76
258,44
262,22
266,26
270,6
274,7
278,34
282,94
286,30
290,57
294,14
298,11
302,18
306,37
310,18
314,41
318,42
322,22
326,13
330,5
334,10
338,39
342,42
346,20
350,16
354,6
358,43
362,46
366,66
370,34
374,18
378,6
382,0
386,0
390,21
394,26
398,0
402,1
406,16
410,7
414,10
418,16
422,15
426,46
430,37
434,150
438,68
442,9
446,16
450,62
454,6
458,32
462,18
466,38
470,15
474,52
478,33
482,38
486,55
490,16
494,70
498,70
502,18
506,38
510,9
514,3
518,27
522,3
526,40
530,7
534,3
538,10
542,17
546,48
550,10
554,9
558,2
562,18
566,14
570,15
574,0
578,0
582,7
586,0
590,14
594,0
598,6
602,15
606,0
610,14
614,1
618,4
622,0
626,0
630,1
634,2
638,22
642,6
646,1
650,1
654,5
658,1
662,13
666,16
670,1
674,14
678,8
682,0
686,7
690,10
694,3
698,22
702,0
706,4
710,2
714,8
718,0
722,0
726,12
730,10
734,2
738,24
742,2
746,1
750,1
754,15
758,1
762,0
766,1
770,0
774,0
778,2
782,0
786,6
790,1
794,0
798,1
802,6
806,6
810,13
814,4
818,8
822,6
826,15
830,0
834,0
838,0
842,0
846,2
850,0
854,0
858,1
862,0
866,1
870,0
874,0
878,3
882,0
886,6
890,1
894,0
898,3
902,1
906,2
910,0
3,37
7,55
11,55
15,33
19,45
23,53
27,39
31,38
35,41
39,12
43,8
47,29
51,39
55,27
59,35
63,104
67,6
71,14
75,15
79,30
83,102
87,100
91,26
95,33
99,14
103,30
107,167
111,1
115,100
119,0
123,22
127,16
131,23
135,20
139,24
143,37
147,39
151,24
155,46
159,27
163,22
167,49
171,24
175,9
179,33
183,137
187,39
191,52
195,31
199,39
203,0
207,10
211,120
215,56
219,2
223,41
227,1
231,48
235,16
239,0
243,32
247,10
251,31
255,35
259,21
263,48
267,10
271,31
275,18
279,4
283,96
287,14
291,14
295,66
299,13
303,68
307,15
311,13
315,0
319,1
323,26
327,25
331,19
335,17
339,45
343,12
347,13
351,47
355,37
359,30
363,41
367,46
371,49
375,42
379,49
383,1
387,24
391,10
395,21
399,8
403,5
407,13
411,53
415,3
419,70
423,21
427,35
431,9
435,9
439,0
443,38
447,24
451,10
455,38
459,26
463,2
467,15
471,5
475,0
479,1
483,25
487,9
491,15
495,59
499,34
503,0
507,4
511,8
515,25
519,16
523,11
527,11
531,26
535,8
539,3
543,25
547,17
551,10
555,3
559,8
563,13
567,2
571,0
575,0
579,9
583,0
587,8
591,5
595,0
599,10
603,0
607,6
611,13
615,39
619,6
623,5
627,11
631,1
635,9
639,1
643,3
647,8
651,10
655,18
659,1
663,8
667,11
671,4
675,1
679,7
683,1
687,0
691,1
695,25
699,7
703,1
707,14
711,1
715,2
719,10
723,6
727,3
731,1
735,1
739,0
743,4
747,23
751,3
755,1
759,1
763,1
767,0
771,0
775,0
779,1
783,4
787,0
791,2
795,0
799,3
803,11
807,0
811,3
815,18
819,0
823,6
827,0
831,0
835,1
839,1
843,1
847,11
851,10
855,3
859,21
863,1
867,0
871,0
875,1
879,1
883,2
887,4
891,2
895,2
899,0
903,1
907,3
911,0
0,40
4,86
8,25
12,49
16,47
20,53
24,37
28,77
32,21
36,20
40,53
44,81
48,51
52,21
56,40
60,52
64,112
68,36
72,6
76,15
80,56
84,129
88,20
92,39
96,107
100,38
104,16
108,37
112,8
116,67
120,13
124,35
128,107
132,56
136,17
140,31
144,10
148,16
152,45
156,16
160,328
164,41
168,57
172,72
176,31
180,68
184,61
188,33
192,18
196,23
200,22
204,20
208,9
212,101
216,24
220,10
224,9
228,1
232,78
236,35
240,16
244,19
248,16
252,110
256,50
260,18
264,35
268,29
272,38
276,2
280,94
284,40
288,32
292,23
296,21
300,70
304,22
308,24
312,19
316,23
320,42
324,11
328,15
332,23
336,22
340,72
344,16
348,2
352,19
356,30
360,17
364,2
368,34
372,23
376,44
380,32
384,0
388,17
392,9
396,1
400,31
404,74
408,52
412,63
416,1
420,77
424,111
428,23
432,1
436,0
440,63
444,26
448,36
452,38
456,3
460,34
464,34
468,0
472,0
476,2
480,33
484,17
488,10
492,24
496,17
500,13
504,33
508,23
512,5
516,14
520,47
524,1
528,11
532,1
536,10
540,6
544,16
548,28
552,26
556,7
560,40
564,33
568,22
572,15
576,0
580,1
584,0
588,14
592,30
596,6
600,5
604,0
608,23
612,26
616,5
620,2
624,1
628,1
632,3
636,1
640,9
644,13
648,1
652,7
656,0
660,1
664,4
668,0
672,4
676,0
680,0
684,1
688,0
692,2
696,4
700,16
704,1
708,12
712,0
716,2
720,21
724,0
728,4
732,1
736,2
740,1
744,1
748,26
752,0
756,22
760,3
764,0
768,10
772,1
776,19
780,0
784,1
788,2
792,0
796,0
800,4
804,0
808,1
812,54
816,10
820,118
824,1
828,22
832,22
836,2
840,11
844,1
848,0
852,2
856,55
860,16
864,0
868,0
872,9
876,0
880,21
884,1
888,0
892,17
896,26
900,12
904,0
908,23
912,4
916,0
920,1
924,6
928,0
932,84
936,23
940,0
944,1
948,0
952,7
956,7
960,0
964,0
968,0
972,0
976,25
980,10
984,0
988,0
992,2
996,1
1,1
5,153
9,32
13,168
17,106
21,129
25,18
29,46
33,19
37,32
41,74
45,36
49,10
53,31
57,60
61,63
65,83
69,60
73,29
77,17
81,89
85,28
89,52
93,74
97,24
101,21
105,116
109,4
113,70
117,13
121,217
125,24
129,135
133,89
137,67
141,67
145,59
149,26
153,46
157,70
161,26
165,99
169,104
173,66
177,44
181,52
185,22
189,38
193,23
197,23
201,50
205,12
209,79
213,32
217,17
221,42
225,20
229,27
233,54
237,25
241,16
245,36
249,154
253,35
257,14
261,31
265,35
269,63
273,25
277,16
281,57
285,74
289,0
293,17
297,13
301,86
305,54
309,41
313,5
317,18
321,41
325,14
329,75
333,124
337,30
341,8
345,20
349,18
353,37
357,40
361,31
365,2
369,6
373,37
377,131
381,27
385,15
389,30
393,74
397,29
401,41
405,109
409,80
413,25
417,55
421,15
425,32
429,28
433,19
437,31
441,30
445,18
449,0
453,25
457,21
461,24
465,14
469,12
473,89
477,7
481,40
485,20
489,31
493,69
497,11
501,1
505,0
509,38
513,33
517,4
521,12
525,30
529,26
533,122
537,42
541,17
545,13
549,72
553,7
557,15
561,0
565,7
569,34
573,17
577,12
581,26
585,7
589,20
593,23
597,12
601,11
605,0
609,3
613,9
617,1
621,13
625,0
629,1
633,1
637,1
641,16
645,4
649,7
653,1
657,0
661,34
665,22
669,4
673,2
677,0
681,17
685,45
689,2
693,0
697,2
701,0
705,2
709,0
713,2
717,4
721,2
725,3
729,0
733,11
737,2
741,3
745,5
749,0
753,11
757,1
761,0
765,10
769,0
773,2
777,14
781,0
785,0
789,1
793,3
797,5
801,0
805,0
809,43
813,24
817,3
821,2
825,2
829,3
833,4
837,2
841,8
845,28
849,1
853,0
857,0
861,0
865,10
869,4
873,0
877,3
881,0
885,4
889,3
893,0
897,0
901,1
905,9
909,5
913,13
917,23
921,9
925,7
929,11
933,16
937,5
941,1
945,2
949,21
953,8
957,9
961,0
965,0
969,2
973,0
977,1
981,25
985,0
989,2
993,0
997,0
2,83
6,108
10,34
14,72
18,41
22,14
26,23
30,57
34,26
38,41
42,63
46,48
50,11
54,47
58,115
62,184
66,25
70,12
74,81
78,0
82,227
86,196
90,22
94,34
98,17
102,20
106,100
110,6
114,126
118,28
122,20
126,25
130,1
134,20
138,30
142,118
146,26
150,23
154,36
158,40
162,40
166,110
170,80
174,58
178,29
182,44
186,19
190,26
194,34
198,35
202,1
206,54
210,64
214,36
218,54
222,46
226,46
230,17
234,43
238,39
242,22
246,15
250,23
254,82
258,50
262,23
266,28
270,7
274,8
278,38
282,117
286,35
290,65
294,18
298,14
302,18
306,40
310,23
314,47
318,45
322,24
326,21
330,6
334,15
338,47
342,66
346,24
350,18
354,8
358,48
362,49
366,79
370,34
374,18
378,9
382,0
386,0
390,44
394,29
398,0
402,1
406,18
410,8
414,11
418,20
422,35
426,51
430,44
434,157
438,77
442,10
446,19
450,68
454,7
458,38
462,19
466,43
470,19
474,64
478,35
482,39
486,59
490,20
494,93
498,84
502,18
506,49
510,12
514,3
518,39
522,3
526,44
530,7
534,3
538,10
542,18
546,74
550,14
554,9
558,3
562,27
566,14
570,16
574,0
578,0
582,14
586,0
590,15
594,0
598,7
602,17
606,0
610,16
614,2
618,4
622,0
626,0
630,1
634,2
638,23
642,8
646,1
650,1
654,5
658,1
662,14
666,19
670,1
674,19
678,11
682,0
686,7
690,17
694,4
698,26
702,0
706,4
710,12
714,8
718,0
722,0
726,15
730,13
734,2
738,26
742,3
746,1
750,1
754,19
758,2
762,0
766,1
770,0
774,0
778,2
782,0
786,7
790,1
794,0
798,1
802,6
806,6
810,16
814,4
818,9
822,17
826,18
830,0
834,0
838,1
842,0
846,2
850,0
854,0
858,1
862,0
866,1
870,0
874,0
878,3
882,0
886,10
890,1
894,0
898,3
902,1
906,3
910,0
914,15
918,21
922,18
926,12
930,12
934,0
938,1
942,1
946,0
950,9
954,3
958,1
962,1
966,0
970,5
974,5
978,3
982,1
986,0
990,2
994,0
998,0
3,54
7,61
11,72
15,37
19,56
23,62
27,44
31,43
35,44
39,16
43,8
47,36
51,47
55,35
59,43
63,114
67,7
71,14
75,18
79,35
83,119
87,123
91,27
95,39
99,19
103,32
107,201
111,1
115,110
119,1
123,27
127,20
131,50
135,22
139,28
143,41
147,45
151,30
155,62
159,32
163,40
167,64
171,28
175,9
179,38
183,159
187,48
191,55
195,33
199,45
203,0
207,13
211,145
215,69
219,2
223,45
227,1
231,58
235,20
239,0
243,42
247,10
251,33
255,45
259,25
263,56
267,10
271,55
275,32
279,7
283,116
287,15
291,23
295,77
299,16
303,87
307,20
311,23
315,0
319,1
323,30
327,28
331,20
335,20
339,49
343,15
347,13
351,48
355,43
359,32
363,44
367,63
371,64
375,57
379,52
383,1
387,37
391,11
395,27
399,8
403,7
407,14
411,91
415,3
419,86
423,36
427,44
431,11
435,13
439,0
443,45
447,26
451,12
455,53
459,42
463,2
467,18
471,10
475,0
479,1
483,32
487,13
491,16
495,67
499,40
503,3
507,4
511,11
515,27
519,16
523,13
527,12
531,33
535,8
539,3
543,32
547,20
551,16
555,3
559,8
563,20
567,2
571,0
575,0
579,13
583,0
587,8
591,7
595,0
599,12
603,0
607,16
611,17
615,50
619,7
623,5
627,13
631,1
635,9
639,1
643,3
647,8
651,13
655,22
659,1
663,8
667,12
671,10
675,1
679,9
683,1
687,0
691,1
695,25
699,12
703,1
707,20
711,1
715,2
719,12
723,9
727,3
731,1
735,1
739,0
743,4
747,35
751,3
755,1
759,1
763,2
767,0
771,0
775,0
779,1
783,8
787,0
791,2
795,0
799,3
803,12
807,0
811,5
815,18
819,0
823,19
827,0
831,0
835,1
839,1
843,1
847,18
851,14
855,3
859,62
863,1
867,0
871,0
875,1
879,1
883,8
887,4
891,2
895,3
899,0
903,1
907,10
911,0
915,0
919,5
923,2
927,11
931,14
935,2
939,3
943,1
947,6
951,8
955,3
959,0
963,40
967,0
971,94
975,0
979,6
983,0
987,0
991,3
995,1
999,1
0,41
4,89
8,28
12,50
16,47
20,54
24,37
28,78
32,23
36,20
40,53
44,83
48,51
52,24
56,41
60,52
64,113
68,40
72,6
76,15
80,58
84,130
88,20
92,39
96,107
100,38
104,16
108,37
112,8
116,69
120,14
124,35
128,110
132,58
136,17
140,31
144,10
148,17
152,48
156,17
160,334
164,41
168,61
172,74
176,31
180,70
184,61
188,34
192,18
196,28
200,22
204,20
208,9
212,108
216,24
220,10
224,9
228,1
232,79
236,35
240,17
244,20
248,16
252,113
256,52
260,18
264,35
268,30
272,38
276,2
280,95
284,40
288,32
292,24
296,21
300,70
304,22
308,24
312,20
316,24
320,42
324,11
328,15
332,23
336,22
340,72
344,16
348,2
352,19
356,30
360,17
364,2
368,34
372,23
376,44
380,32
384,0
388,18
392,9
396,1
400,31
404,77
408,52
412,64
416,1
420,106
424,113
428,23
432,1
436,0
440,64
444,26
448,36
452,38
456,3
460,36
464,35
468,0
472,0
476,2
480,34
484,17
488,10
492,24
496,18
500,13
504,33
508,23
512,5
516,14
520,48
524,1
528,11
532,1
536,11
540,6
544,16
548,29
552,26
556,8
560,51
564,33
568,23
572,15
576,0
580,1
584,0
588,14
592,31
596,6
600,5
604,0
608,23
612,27
616,5
620,2
624,1
628,1
632,3
636,1
640,9
644,13
648,1
652,7
656,0
660,1
664,4
668,0
672,4
676,0
680,0
684,1
688,0
692,2
696,4
700,16
704,1
708,12
712,0
716,2
720,23
724,0
728,4
732,1
736,2
740,1
744,1
748,26
752,0
756,24
760,3
764,0
768,10
772,1
776,19
780,0
784,1
788,2
792,0
796,0
800,4
804,0
808,1
812,55
816,10
820,120
824,1
828,22
832,23
836,2
840,11
844,1
848,0
852,2
856,56
860,23
864,0
868,0
872,9
876,0
880,21
884,1
888,0
892,17
896,28
900,14
904,0
908,23
912,4
916,0
920,1
924,6
928,0
932,88
936,24
940,0
944,1
948,0
952,7
956,7
960,0
964,0
968,1
972,0
976,25
980,10
984,0
988,0
992,2
996,1
1000,6
1004,0
1,1
5,156
9,33
13,172
17,106
21,129
25,18
29,46
33,19
37,32
41,74
45,38
49,10
53,31
57,60
61,63
65,84
69,60
73,29
77,17
81,89
85,28
89,53
93,76
97,24
101,21
105,119
109,4
113,72
117,13
121,222
125,24
129,136
133,93
137,67
141,67
145,61
149,26
153,46
157,70
161,26
165,101
169,105
173,67
177,44
181,54
185,22
189,38
193,24
197,24
201,51
205,14
209,79
213,45
217,19
221,43
225,20
229,27
233,54
237,26
241,17
245,37
249,160
253,35
257,14
261,31
265,36
269,64
273,25
277,16
281,57
285,76
289,0
293,17
297,13
301,87
305,54
309,41
313,6
317,18
321,53
325,14
329,77
333,125
337,30
341,8
345,20
349,18
353,37
357,40
361,32
365,2
369,6
373,39
377,131
381,27
385,15
389,30
393,75
397,29
401,41
405,110
409,84
413,25
417,55
421,16
425,32
429,30
433,19
437,32
441,30
445,20
449,0
453,26
457,21
461,24
465,14
469,12
473,91
477,7
481,40
485,20
489,32
493,69
497,11
501,1
505,0
509,40
513,35
517,4
521,12
525,30
529,27
533,123
537,43
541,17
545,14
549,76
553,7
557,15
561,0
565,8
569,34
573,17
577,13
581,26
585,7
589,21
593,25
597,12
601,13
605,0
609,3
613,9
617,1
621,14
625,0
629,1
633,1
637,1
641,16
645,4
649,7
653,1
657,0
661,36
665,22
669,4
673,2
677,0
681,17
685,45
689,2
693,0
697,2
701,0
705,2
709,0
713,2
717,4
721,2
725,3
729,0
733,12
737,2
741,3
745,5
749,0
753,11
757,1
761,0
765,10
769,0
773,2
777,16
781,0
785,0
789,3
793,3
797,5
801,0
805,0
809,43
813,24
817,3
821,2
825,2
829,3
833,8
837,2
841,8
845,28
849,1
853,0
857,0
861,0
865,10
869,4
873,0
877,3
881,0
885,4
889,3
893,0
897,0
901,1
905,9
909,5
913,14
917,26
921,9
925,15
929,12
933,16
937,5
941,1
945,2
949,22
953,13
957,9
961,0
965,0
969,2
973,0
977,1
981,25
985,0
989,2
993,0
997,0
1001,9
2,84
6,109
10,34
14,73
18,42
22,14
26,23
30,57
34,26
38,41
42,67
46,49
50,12
54,48
58,115
62,190
66,26
70,12
74,82
78,0
82,227
86,202
90,22
94,34
98,17
102,21
106,102
110,6
114,127
118,29
122,22
126,25
130,1
134,21
138,30
142,120
146,27
150,23
154,36
158,40
162,42
166,125
170,82
174,59
178,29
182,44
186,20
190,26
194,34
198,35
202,1
206,55
210,64
214,36
218,54
222,47
226,47
230,19
234,43
238,39
242,23
246,15
250,24
254,83
258,51
262,23
266,29
270,7
274,8
278,40
282,117
286,35
290,66
294,18
298,14
302,18
306,40
310,23
314,47
318,46
322,24
326,23
330,6
334,15
338,48
342,66
346,24
350,18
354,8
358,48
362,49
366,79
370,34
374,18
378,9
382,0
386,0
390,44
394,29
398,0
402,1
406,18
410,8
414,11
418,20
422,38
426,52
430,44
434,157
438,79
442,10
446,19
450,68
454,7
458,39
462,19
466,44
470,19
474,65
478,35
482,40
486,59
490,24
494,95
498,84
502,18
506,51
510,13
514,3
518,40
522,3
526,45
530,7
534,3
538,10
542,18
546,76
550,14
554,9
558,3
562,27
566,14
570,16
574,0
578,0
582,14
586,0
590,15
594,0
598,7
602,17
606,0
610,16
614,2
618,4
622,0
626,0
630,1
634,2
638,23
642,8
646,1
650,1
654,6
658,1
662,14
666,19
670,1
674,19
678,11
682,0
686,7
690,18
694,4
698,26
702,0
706,4
710,12
714,8
718,0
722,0
726,16
730,13
734,2
738,26
742,3
746,1
750,1
754,19
758,2
762,0
766,4
770,0
774,0
778,2
782,0
786,7
790,1
794,0
798,1
802,6
806,6
810,16
814,4
818,9
822,17
826,20
830,0
834,0
838,1
842,0
846,2
850,0
854,0
858,1
862,0
866,1
870,0
874,0
878,3
882,0
886,10
890,1
894,0
898,3
902,1
906,3
910,0
914,17
918,23
922,19
926,12
930,13
934,0
938,1
942,1
946,0
950,9
954,3
958,3
962,1
966,0
970,5
974,6
978,3
982,1
986,0
990,2
994,0
998,0
1002,0
3,56
7,67
11,72
15,37
19,58
23,64
27,45
31,43
35,44
39,16
43,8
47,37
51,48
55,36
59,44
63,114
67,7
71,14
75,18
79,35
83,119
87,125
91,29
95,40
99,19
103,33
107,204
111,1
115,112
119,1
123,29
127,20
131,50
135,23
139,30
143,41
147,45
151,31
155,63
159,33
163,42
167,65
171,28
175,9
179,39
183,159
187,49
191,56
195,33
199,45
203,0
207,14
211,145
215,73
219,2
223,47
227,1
231,58
235,20
239,0
243,42
247,10
251,33
255,46
259,25
263,56
267,10
271,59
275,32
279,7
283,118
287,17
291,24
295,78
299,19
303,87
307,20
311,23
315,0
319,1
323,32
327,28
331,20
335,20
339,49
343,15
347,13
351,48
355,43
359,32
363,44
367,65
371,64
375,58
379,52
383,1
387,37
391,11
395,27
399,8
403,8
407,14
411,95
415,3
419,91
423,36
427,47
431,11
435,14
439,0
443,45
447,26
451,12
455,53
459,42
463,2
467,18
471,11
475,0
479,1
483,32
487,13
491,19
495,67
499,41
503,4
507,4
511,11
515,27
519,16
523,13
527,12
531,33
535,8
539,3
543,32
547,20
551,16
555,3
559,8
563,20
567,2
571,0
575,0
579,16
583,0
587,8
591,7
595,0
599,13
603,0
607,23
611,17
615,50
619,7
623,5
627,13
631,1
635,9
639,1
643,3
647,8
651,13
655,23
659,1
663,8
667,12
671,11
675,1
679,9
683,1
687,0
691,1
695,25
699,13
703,1
707,24
711,1
715,2
719,12
723,9
727,3
731,1
735,1
739,0
743,4
747,35
751,3
755,1
759,1
763,2
767,0
771,0
775,0
779,1
783,8
787,0
791,2
795,0
799,3
803,15
807,0
811,5
815,18
819,0
823,20
827,0
831,0
835,1
839,1
843,1
847,18
851,15
855,3
859,66
863,1
867,0
871,0
875,1
879,1
883,11
887,4
891,2
895,3
899,0
903,1
907,10
911,0
915,0
919,5
923,2
927,12
931,14
935,2
939,3
943,1
947,6
951,8
955,3
959,0
963,40
967,0
971,94
975,0
979,6
983,0
987,0
991,3
995,1
999,1
1003,1
0,41
4,89
8,28
12,50
16,47
20,54
24,37
28,78
32,23
36,20
40,53
44,83
48,51
52,24
56,41
60,52
64,113
68,40
72,6
76,15
80,58
84,130
88,20
92,39
96,107
100,38
104,16
108,37
112,8
116,69
120,14
124,35
128,110
132,58
136,17
140,31
144,10
148,17
152,48
156,17
160,334
164,41
168,61
172,74
176,31
180,70
184,61
188,34
192,18
196,28
200,22
204,20
208,9
212,108
216,24
220,10
224,9
228,1
232,79
236,35
240,17
244,20
248,16
252,113
256,52
260,18
264,35
268,30
272,38
276,2
280,95
284,40
288,32
292,24
296,21
300,70
304,22
308,24
312,20
316,24
320,42
324,11
328,15
332,23
336,22
340,72
344,16
348,2
352,19
356,30
360,17
364,2
368,34
372,23
376,44
380,32
384,0
388,18
392,9
396,1
400,31
404,77
408,52
412,64
416,1
420,106
424,113
428,23
432,1
436,0
440,64
444,26
448,36
452,38
456,3
460,36
464,35
468,0
472,0
476,2
480,34
484,17
488,10
492,24
496,18
500,13
504,33
508,23
512,5
516,14
520,48
524,1
528,11
532,1
536,11
540,6
544,16
548,29
552,26
556,8
560,51
564,33
568,23
572,15
576,0
580,1
584,0
588,14
592,31
596,6
600,5
604,0
608,23
612,27
616,5
620,2
624,1
628,1
632,3
636,1
640,9
644,13
648,1
652,7
656,0
660,1
664,4
668,0
672,4
676,0
680,0
684,1
688,0
692,2
696,4
700,16
704,1
708,12
712,0
716,2
720,23
724,0
728,4
732,1
736,2
740,1
744,1
748,26
752,0
756,24
760,3
764,0
768,10
772,1
776,19
780,0
784,1
788,2
792,0
796,0
800,4
804,0
808,1
812,55
816,10
820,120
824,1
828,22
832,23
836,2
840,11
844,1
848,0
852,2
856,56
860,23
864,0
868,0
872,9
876,0
880,21
884,1
888,0
892,17
896,28
900,14
904,0
908,23
912,4
916,0
920,1
924,6
928,0
932,88
936,24
940,0
944,1
948,0
952,7
956,7
960,0
964,0
968,1
972,0
976,25
980,10
984,0
988,0
992,2
996,1
1000,6
1004,0
1,1
5,156
9,33
13,172
17,106
21,129
25,18
29,46
33,19
37,32
41,74
45,38
49,10
53,31
57,60
61,63
65,84
69,60
73,29
77,17
81,89
85,28
89,53
93,76
97,24
101,21
105,119
109,4
113,72
117,13
121,222
125,24
129,136
133,93
137,67
141,67
145,61
149,26
153,46
157,70
161,26
165,101
169,105
173,67
177,44
181,54
185,22
189,38
193,24
197,24
201,51
205,14
209,79
213,45
217,19
221,43
225,20
229,27
233,54
237,26
241,17
245,37
249,160
253,35
257,14
261,31
265,36
269,64
273,25
277,16
281,57
285,76
289,0
293,17
297,13
301,87
305,54
309,41
313,6
317,18
321,53
325,14
329,77
333,125
337,30
341,8
345,20
349,18
353,37
357,40
361,32
365,2
369,6
373,39
377,131
381,27
385,15
389,30
393,75
397,29
401,41
405,110
409,84
413,25
417,55
421,16
425,32
429,30
433,19
437,32
441,30
445,20
449,0
453,26
457,21
461,24
465,14
469,12
473,91
477,7
481,40
485,20
489,32
493,69
497,11
501,1
505,0
509,40
513,35
517,4
521,12
525,30
529,27
533,123
537,43
541,17
545,14
549,76
553,7
557,15
561,0
565,8
569,34
573,17
577,13
581,26
585,7
589,21
593,25
597,12
601,13
605,0
609,3
613,9
617,1
621,14
625,0
629,1
633,1
637,1
641,16
645,4
649,7
653,1
657,0
661,36
665,22
669,4
673,2
677,0
681,17
685,45
689,2
693,0
697,2
701,0
705,2
709,0
713,2
717,4
721,2
725,3
729,0
733,12
737,2
741,3
745,5
749,0
753,11
757,1
761,0
765,10
769,0
773,2
777,16
781,0
785,0
789,3
793,3
797,5
801,0
805,0
809,43
813,24
817,3
821,2
825,2
829,3
833,8
837,2
841,8
845,28
849,1
853,0
857,0
861,0
865,10
869,4
873,0
877,3
881,0
885,4
889,3
893,0
897,0
901,1
905,9
909,5
913,14
917,26
921,9
925,15
929,12
933,16
937,5
941,1
945,2
949,22
953,13
957,9
961,0
965,0
969,2
973,0
977,1
981,25
985,0
989,2
993,0
997,0
1001,9
2,84
6,109
10,34
14,73
18,42
22,14
26,23
30,57
34,26
38,41
42,67
46,49
50,12
54,48
58,115
62,190
66,26
70,12
74,82
78,0
82,227
86,202
90,22
94,34
98,17
102,21
106,102
110,6
114,127
118,29
122,22
126,25
130,1
134,21
138,30
142,120
146,27
150,23
154,36
158,40
162,42
166,125
170,82
174,59
178,29
182,44
186,20
190,26
194,34
198,35
202,1
206,55
210,64
214,36
218,54
222,47
226,47
230,19
234,43
238,39
242,23
246,15
250,24
254,83
258,51
262,23
266,29
270,7
274,8
278,40
282,117
286,35
290,66
294,18
298,14
302,18
306,40
310,23
314,47
318,46
322,24
326,23
330,6
334,15
338,48
342,66
346,24
350,18
354,8
358,48
362,49
366,79
370,34
374,18
378,9
382,0
386,0
390,44
394,29
398,0
402,1
406,18
410,8
414,11
418,20
422,38
426,52
430,44
434,157
438,79
442,10
446,19
450,68
454,7
458,39
462,19
466,44
470,19
474,65
478,35
482,40
486,59
490,24
494,95
498,84
502,18
506,51
510,13
514,3
518,40
522,3
526,45
530,7
534,3
538,10
542,18
546,76
550,14
554,9
558,3
562,27
566,14
570,16
574,0
578,0
582,14
586,0
590,15
594,0
598,7
602,17
606,0
610,16
614,2
618,4
622,0
626,0
630,1
634,2
638,23
642,8
646,1
650,1
654,6
658,1
662,14
666,19
670,1
674,19
678,11
682,0
686,7
690,18
694,4
698,26
702,0
706,4
710,12
714,8
718,0
722,0
726,16
730,13
734,2
738,26
742,3
746,1
750,1
754,19
758,2
762,0
766,4
770,0
774,0
778,2
782,0
786,7
790,1
794,0
798,1
802,6
806,6
810,16
814,4
818,9
822,17
826,20
830,0
834,0
838,1
842,0
846,2
850,0
854,0
858,1
862,0
866,1
870,0
874,0
878,3
882,0
886,10
890,1
894,0
898,3
902,1
906,3
910,0
914,17
918,23
922,19
926,12
930,13
934,0
938,1
942,1
946,0
950,9
954,3
958,3
962,1
966,0
970,5
974,6
978,3
982,1
986,0
990,2
994,0
998,0
1002,0
3,56
7,67
11,72
15,37
19,58
23,64
27,45
31,43
35,44
39,16
43,8
47,37
51,48
55,36
59,44
63,114
67,7
71,14
75,18
79,35
83,119
87,125
91,29
95,40
99,19
103,33
107,204
111,1
115,112
119,1
123,29
127,20
131,50
135,23
139,30
143,41
147,45
151,31
155,63
159,33
163,42
167,65
171,28
175,9
179,39
183,159
187,49
191,56
195,33
199,45
203,0
207,14
211,145
215,73
219,2
223,47
227,1
231,58
235,20
239,0
243,42
247,10
251,33
255,46
259,25
263,56
267,10
271,59
275,32
279,7
283,118
287,17
291,24
295,78
299,19
303,87
307,20
311,23
315,0
319,1
323,32
327,28
331,20
335,20
339,49
343,15
347,13
351,48
355,43
359,32
363,44
367,65
371,64
375,58
379,52
383,1
387,37
391,11
395,27
399,8
403,8
407,14
411,95
415,3
419,91
423,36
427,47
431,11
435,14
439,0
443,45
447,26
451,12
455,53
459,42
463,2
467,18
471,11
475,0
479,1
483,32
487,13
491,19
495,67
499,41
503,4
507,4
511,11
515,27
519,16
523,13
527,12
531,33
535,8
539,3
543,32
547,20
551,16
555,3
559,8
563,20
567,2
571,0
575,0
579,16
583,0
587,8
591,7
595,0
599,13
603,0
607,23
611,17
615,50
619,7
623,5
627,13
631,1
635,9
639,1
643,3
647,8
651,13
655,23
659,1
663,8
667,12
671,11
675,1
679,9
683,1
687,0
691,1
695,25
699,13
703,1
707,24
711,1
715,2
719,12
723,9
727,3
731,1
735,1
739,0
743,4
747,35
751,3
755,1
759,1
763,2
767,0
771,0
775,0
779,1
783,8
787,0
791,2
795,0
799,3
803,15
807,0
811,5
815,18
819,0
823,20
827,0
831,0
835,1
839,1
843,1
847,18
851,15
855,3
859,66
863,1
867,0
871,0
875,1
879,1
883,11
887,4
891,2
895,3
899,0
903,1
907,10
911,0
915,0
919,5
923,2
927,12
931,14
935,2
939,3
943,1
947,6
951,8
955,3
959,0
963,40
967,0
971,94
975,0
979,6
983,0
987,0
991,3
995,1
999,1
1003,1
0,41
4,89
8,28
12,50
16,47
20,54
24,37
28,78
32,23
36,20
40,53
44,83
48,51
52,24
56,41
60,52
64,113
68,40
72,6
76,15
80,58
84,130
88,20
92,39
96,107
100,38
104,16
108,37
112,8
116,69
120,14
124,35
128,110
132,58
136,17
140,31
144,10
148,17
152,48
156,17
160,334
164,41
168,61
172,74
176,31
180,70
184,61
188,34
192,18
196,28
200,22
204,20
208,9
212,108
216,24
220,10
224,9
228,1
232,79
236,35
240,17
244,20
248,16
252,113
256,52
260,18
264,35
268,30
272,38
276,2
280,95
284,40
288,32
292,24
296,21
300,70
304,22
308,24
312,20
316,24
320,42
324,11
328,15
332,23
336,22
340,72
344,16
348,2
352,19
356,30
360,17
364,2
368,34
372,23
376,44
380,32
384,0
388,18
392,9
396,1
400,31
404,77
408,52
412,64
416,1
420,106
424,113
428,23
432,1
436,0
440,64
444,26
448,36
452,38
456,3
460,36
464,35
468,0
472,0
476,2
480,34
484,17
488,10
492,24
496,18
500,13
504,33
508,23
512,5
516,14
520,48
524,1
528,11
532,1
536,11
540,6
544,16
548,29
552,26
556,8
560,51
564,33
568,23
572,15
576,0
580,1
584,0
588,14
592,31
596,6
600,5
604,0
608,23
612,27
616,5
620,2
624,1
628,1
632,3
636,1
640,9
644,13
648,1
652,7
656,0
660,1
664,4
668,0
672,4
676,0
680,0
684,1
688,0
692,2
696,4
700,16
704,1
708,12
712,0
716,2
720,23
724,0
728,4
732,1
736,2
740,1
744,1
748,26
752,0
756,24
760,3
764,0
768,10
772,1
776,19
780,0
784,1
788,2
792,0
796,0
800,4
804,0
808,1
812,55
816,10
820,120
824,1
828,22
832,23
836,2
840,11
844,1
848,0
852,2
856,56
860,23
864,0
868,0
872,9
876,0
880,21
884,1
888,0
892,17
896,28
900,14
904,0
908,23
912,4
916,0
920,1
924,6
928,0
932,88
936,24
940,0
944,1
948,0
952,7
956,7
960,0
964,0
968,1
972,0
976,25
980,10
984,0
988,0
992,2
996,1
1000,6
1004,0
1,1
5,156
9,33
13,172
17,106
21,129
25,18
29,46
33,19
37,32
41,74
45,38
49,10
53,31
57,60
61,63
65,84
69,60
73,29
77,17
81,89
85,28
89,53
93,76
97,24
101,21
105,119
109,4
113,72
117,13
121,222
125,24
129,136
133,93
137,67
141,67
145,61
149,26
153,46
157,70
161,26
165,101
169,105
173,67
177,44
181,54
185,22
189,38
193,24
197,24
201,51
205,14
209,79
213,45
217,19
221,43
225,20
229,27
233,54
237,26
241,17
245,37
249,160
253,35
257,14
261,31
265,36
269,64
273,25
277,16
281,57
285,76
289,0
293,17
297,13
301,87
305,54
309,41
313,6
317,18
321,53
325,14
329,77
333,125
337,30
341,8
345,20
349,18
353,37
357,40
361,32
365,2
369,6
373,39
377,131
381,27
385,15
389,30
393,75
397,29
401,41
405,110
409,84
413,25
417,55
421,16
425,32
429,30
433,19
437,32
441,30
445,20
449,0
453,26
457,21
461,24
465,14
469,12
473,91
477,7
481,40
485,20
489,32
493,69
497,11
501,1
505,0
509,40
513,35
517,4
521,12
525,30
529,27
533,123
537,43
541,17
545,14
549,76
553,7
557,15
561,0
565,8
569,34
573,17
577,13
581,26
585,7
589,21
593,25
597,12
601,13
605,0
609,3
613,9
617,1
621,14
625,0
629,1
633,1
637,1
641,16
645,4
649,7
653,1
657,0
661,36
665,22
669,4
673,2
677,0
681,17
685,45
689,2
693,0
697,2
701,0
705,2
709,0
713,2
717,4
721,2
725,3
729,0
733,12
737,2
741,3
745,5
749,0
753,11
757,1
761,0
765,10
769,0
773,2
777,16
781,0
785,0
789,3
793,3
797,5
801,0
805,0
809,43
813,24
817,3
821,2
825,2
829,3
833,8
837,2
841,8
845,28
849,1
853,0
857,0
861,0
865,10
869,4
873,0
877,3
881,0
885,4
889,3
893,0
897,0
901,1
905,9
909,5
913,14
917,26
921,9
925,15
929,12
933,16
937,5
941,1
945,2
949,22
953,13
957,9
961,0
965,0
969,2
973,0
977,1
981,25
985,0
989,2
993,0
997,0
1001,9
2,84
6,109
10,34
14,73
18,42
22,14
26,23
30,57
34,26
38,41
42,67
46,49
50,12
54,48
58,115
62,190
66,26
70,12
74,82
78,0
82,227
86,202
90,22
94,34
98,17
102,21
106,102
110,6
114,127
118,29
122,22
126,25
130,1
134,21
138,30
142,120
146,27
150,23
154,36
158,40
162,42
166,125
170,82
174,59
178,29
182,44
186,20
190,26
194,34
198,35
202,1
206,55
210,64
214,36
218,54
222,47
226,47
230,19
234,43
238,39
242,23
246,15
250,24
254,83
258,51
262,23
266,29
270,7
274,8
278,40
282,117
286,35
290,66
294,18
298,14
302,18
306,40
310,23
314,47
318,46
322,24
326,23
330,6
334,15
338,48
342,66
346,24
350,18
354,8
358,48
362,49
366,79
370,34
374,18
378,9
382,0
386,0
390,44
394,29
398,0
402,1
406,18
410,8
414,11
418,20
422,38
426,52
430,44
434,157
438,79
442,10
446,19
450,68
454,7
458,39
462,19
466,44
470,19
474,65
478,35
482,40
486,59
490,24
494,95
498,84
502,18
506,51
510,13
514,3
518,40
522,3
526,45
530,7
534,3
538,10
542,18
546,76
550,14
554,9
558,3
562,27
566,14
570,16
574,0
578,0
582,14
586,0
590,15
594,0
598,7
602,17
606,0
610,16
614,2
618,4
622,0
626,0
630,1
634,2
638,23
642,8
646,1
650,1
654,6
658,1
662,14
666,19
670,1
674,19
678,11
682,0
686,7
690,18
694,4
698,26
702,0
706,4
710,12
714,8
718,0
722,0
726,16
730,13
734,2
738,26
742,3
746,1
750,1
754,19
758,2
762,0
766,4
770,0
774,0
778,2
782,0
786,7
790,1
794,0
798,1
802,6
806,6
810,16
814,4
818,9
822,17
826,20
830,0
834,0
838,1
842,0
846,2
850,0
854,0
858,1
862,0
866,1
870,0
874,0
878,3
882,0
886,10
890,1
894,0
898,3
902,1
906,3
910,0
914,17
918,23
922,19
926,12
930,13
934,0
938,1
942,1
946,0
950,9
954,3
958,3
962,1
966,0
970,5
974,6
978,3
982,1
986,0
990,2
994,0
998,0
1002,0
3,56
7,67
11,72
15,37
19,58
23,64
27,45
31,43
35,44
39,16
43,8
47,37
51,48
55,36
59,44
63,114
67,7
71,14
75,18
79,35
83,119
87,125
91,29
95,40
99,19
103,33
107,204
111,1
115,112
119,1
123,29
127,20
131,50
135,23
139,30
143,41
147,45
151,31
155,63
159,33
163,42
167,65
171,28
175,9
179,39
183,159
187,49
191,56
195,33
199,45
203,0
207,14
211,145
215,73
219,2
223,47
227,1
231,58
235,20
239,0
243,42
247,10
251,33
255,46
259,25
263,56
267,10
271,59
275,32
279,7
283,118
287,17
291,24
295,78
299,19
303,87
307,20
311,23
315,0
319,1
323,32
327,28
331,20
335,20
339,49
343,15
347,13
351,48
355,43
359,32
363,44
367,65
371,64
375,58
379,52
383,1
387,37
391,11
395,27
399,8
403,8
407,14
411,95
415,3
419,91
423,36
427,47
431,11
435,14
439,0
443,45
447,26
451,12
455,53
459,42
463,2
467,18
471,11
475,0
479,1
483,32
487,13
491,19
495,67
499,41
503,4
507,4
511,11
515,27
519,16
523,13
527,12
531,33
535,8
539,3
543,32
547,20
551,16
555,3
559,8
563,20
567,2
571,0
575,0
579,16
583,0
587,8
591,7
595,0
599,13
603,0
607,23
611,17
615,50
619,7
623,5
627,13
631,1
635,9
639,1
643,3
647,8
651,13
655,23
659,1
663,8
667,12
671,11
675,1
679,9
683,1
687,0
691,1
695,25
699,13
703,1
707,24
711,1
715,2
719,12
723,9
727,3
731,1
735,1
739,0
743,4
747,35
751,3
755,1
759,1
763,2
767,0
771,0
775,0
779,1
783,8
787,0
791,2
795,0
799,3
803,15
807,0
811,5
815,18
819,0
823,20
827,0
831,0
835,1
839,1
843,1
847,18
851,15
855,3
859,66
863,1
867,0
871,0
875,1
879,1
883,11
887,4
891,2
895,3
899,0
903,1
907,10
911,0
915,0
919,5
923,2
927,12
931,14
935,2
939,3
943,1
947,6
951,8
955,3
959,0
963,40
967,0
971,94
975,0
979,6
983,0
987,0
991,3
995,1
999,1
1003,1
0,41
4,89
8,28
12,50
16,47
20,54
24,37
28,78
32,23
36,20
40,53
44,83
48,51
52,24
56,41
60,52
64,113
68,40
72,6
76,15
80,58
84,130
88,20
92,39
96,107
100,38
104,16
108,37
112,8
116,69
120,14
124,35
128,110
132,58
136,17
140,31
144,10
148,17
152,48
156,17
160,334
164,41
168,61
172,74
176,31
180,70
184,61
188,34
192,18
196,28
200,22
204,20
208,9
212,108
216,24
220,10
224,9
228,1
232,79
236,35
240,17
244,20
248,16
252,113
256,52
260,18
264,35
268,30
272,38
276,2
280,95
284,40
288,32
292,24
296,21
300,70
304,22
308,24
312,20
316,24
320,42
324,11
328,15
332,23
336,22
340,72
344,16
348,2
352,19
356,30
360,17
364,2
368,34
372,23
376,44
380,32
384,0
388,18
392,9
396,1
400,31
404,77
408,52
412,64
416,1
420,106
424,113
428,23
432,1
436,0
440,64
444,26
448,36
452,38
456,3
460,36
464,35
468,0
472,0
476,2
480,34
484,17
488,10
492,24
496,18
500,13
504,33
508,23
512,5
516,14
520,48
524,1
528,11
532,1
536,11
540,6
544,16
548,29
552,26
556,8
560,51
564,33
568,23
572,15
576,0
580,1
584,0
588,14
592,31
596,6
600,5
604,0
608,23
612,27
616,5
620,2
624,1
628,1
632,3
636,1
640,9
644,13
648,1
652,7
656,0
660,1
664,4
668,0
672,4
676,0
680,0
684,1
688,0
692,2
696,4
700,16
704,1
708,12
712,0
716,2
720,23
724,0
728,4
732,1
736,2
740,1
744,1
748,26
752,0
756,24
760,3
764,0
768,10
772,1
776,19
780,0
784,1
788,2
792,0
796,0
800,4
804,0
808,1
812,55
816,10
820,120
824,1
828,22
832,23
836,2
840,11
844,1
848,0
852,2
856,56
860,23
864,0
868,0
872,9
876,0
880,21
884,1
888,0
892,17
896,28
900,14
904,0
908,23
912,4
916,0
920,1
924,6
928,0
932,88
936,24
940,0
944,1
948,0
952,7
956,7
960,0
964,0
968,1
972,0
976,25
980,10
984,0
988,0
992,2
996,1
1000,6
1004,0
1,1
5,156
9,33
13,172
17,106
21,129
25,18
29,46
33,19
37,32
41,74
45,38
49,10
53,31
57,60
61,63
65,84
69,60
73,29
77,17
81,89
85,28
89,53
93,76
97,24
101,21
105,119
109,4
113,72
117,13
121,222
125,24
129,136
133,93
137,67
141,67
145,61
149,26
153,46
157,70
161,26
165,101
169,105
173,67
177,44
181,54
185,22
189,38
193,24
197,24
201,51
205,14
209,79
213,45
217,19
221,43
225,20
229,27
233,54
237,26
241,17
245,37
249,160
253,35
257,14
261,31
265,36
269,64
273,25
277,16
281,57
285,76
289,0
293,17
297,13
301,87
305,54
309,41
313,6
317,18
321,53
325,14
329,77
333,125
337,30
341,8
345,20
349,18
353,37
357,40
361,32
365,2
369,6
373,39
377,131
381,27
385,15
389,30
393,75
397,29
401,41
405,110
409,84
413,25
417,55
421,16
425,32
429,30
433,19
437,32
441,30
445,20
449,0
453,26
457,21
461,24
465,14
469,12
473,91
477,7
481,40
485,20
489,32
493,69
497,11
501,1
505,0
509,40
513,35
517,4
521,12
525,30
529,27
533,123
537,43
541,17
545,14
549,76
553,7
557,15
561,0
565,8
569,34
573,17
577,13
581,26
585,7
589,21
593,25
597,12
601,13
605,0
609,3
613,9
617,1
621,14
625,0
629,1
633,1
637,1
641,16
645,4
649,7
653,1
657,0
661,36
665,22
669,4
673,2
677,0
681,17
685,45
689,2
693,0
697,2
701,0
705,2
709,0
713,2
717,4
721,2
725,3
729,0
733,12
737,2
741,3
745,5
749,0
753,11
757,1
761,0
765,10
769,0
773,2
777,16
781,0
785,0
789,3
793,3
797,5
801,0
805,0
809,43
813,24
817,3
821,2
825,2
829,3
833,8
837,2
841,8
845,28
849,1
853,0
857,0
861,0
865,10
869,4
873,0
877,3
881,0
885,4
889,3
893,0
897,0
901,1
905,9
909,5
913,14
917,26
921,9
925,15
929,12
933,16
937,5
941,1
945,2
949,22
953,13
957,9
961,0
965,0
969,2
973,0
977,1
981,25
985,0
989,2
993,0
997,0
1001,9
2,84
6,109
10,34
14,73
18,42
22,14
26,23
30,57
34,26
38,41
42,67
46,49
50,12
54,48
58,115
62,190
66,26
70,12
74,82
78,0
82,227
86,202
90,22
94,34
98,17
102,21
106,102
110,6
114,127
118,29
122,22
126,25
130,1
134,21
138,30
142,120
146,27
150,23
154,36
158,40
162,42
166,125
170,82
174,59
178,29
182,44
186,20
190,26
194,34
198,35
202,1
206,55
210,64
214,36
218,54
222,47
226,47
230,19
234,43
238,39
242,23
246,15
250,24
254,83
258,51
262,23
266,29
270,7
274,8
278,40
282,117
286,35
290,66
294,18
298,14
302,18
306,40
310,23
314,47
318,46
322,24
326,23
330,6
334,15
338,48
342,66
346,24
350,18
354,8
358,48
362,49
366,79
370,34
374,18
378,9
382,0
386,0
390,44
394,29
398,0
402,1
406,18
410,8
414,11
418,20
422,38
426,52
430,44
434,157
438,79
442,10
446,19
450,68
454,7
458,39
462,19
466,44
470,19
474,65
478,35
482,40
486,59
490,24
494,95
498,84
502,18
506,51
510,13
514,3
518,40
522,3
526,45
530,7
534,3
538,10
542,18
546,76
550,14
554,9
558,3
562,27
566,14
570,16
574,0
578,0
582,14
586,0
590,15
594,0
598,7
602,17
606,0
610,16
614,2
618,4
622,0
626,0
630,1
634,2
638,23
642,8
646,1
650,1
654,6
658,1
662,14
666,19
670,1
674,19
678,11
682,0
686,7
690,18
694,4
698,26
702,0
706,4
710,12
714,8
718,0
722,0
726,16
730,13
734,2
738,26
742,3
746,1
750,1
754,19
758,2
762,0
766,4
770,0
774,0
778,2
782,0
786,7
790,1
794,0
798,1
802,6
806,6
810,16
814,4
818,9
822,17
826,20
830,0
834,0
838,1
842,0
846,2
850,0
854,0
858,1
862,0
866,1
870,0
874,0
878,3
882,0
886,10
890,1
894,0
898,3
902,1
906,3
910,0
914,17
918,23
922,19
926,12
930,13
934,0
938,1
942,1
946,0
950,9
954,3
958,3
962,1
966,0
970,5
974,6
978,3
982,1
986,0
990,2
994,0
998,0
1002,0
3,56
7,67
11,72
15,37
19,58
23,64
27,45
31,43
35,44
39,16
43,8
47,37
51,48
55,36
59,44
63,114
67,7
71,14
75,18
79,35
83,119
87,125
91,29
95,40
99,19
103,33
107,204
111,1
115,112
119,1
123,29
127,20
131,50
135,23
139,30
143,41
147,45
151,31
155,63
159,33
163,42
167,65
171,28
175,9
179,39
183,159
187,49
191,56
195,33
199,45
203,0
207,14
211,145
215,73
219,2
223,47
227,1
231,58
235,20
239,0
243,42
247,10
251,33
255,46
259,25
263,56
267,10
271,59
275,32
279,7
283,118
287,17
291,24
295,78
299,19
303,87
307,20
311,23
315,0
319,1
323,32
327,28
331,20
335,20
339,49
343,15
347,13
351,48
355,43
359,32
363,44
367,65
371,64
375,58
379,52
383,1
387,37
391,11
395,27
399,8
403,8
407,14
411,95
415,3
419,91
423,36
427,47
431,11
435,14
439,0
443,45
447,26
451,12
455,53
459,42
463,2
467,18
471,11
475,0
479,1
483,32
487,13
491,19
495,67
499,41
503,4
507,4
511,11
515,27
519,16
523,13
527,12
531,33
535,8
539,3
543,32
547,20
551,16
555,3
559,8
563,20
567,2
571,0
575,0
579,16
583,0
587,8
591,7
595,0
599,13
603,0
607,23
611,17
615,50
619,7
623,5
627,13
631,1
635,9
639,1
643,3
647,8
651,13
655,23
659,1
663,8
667,12
671,11
675,1
679,9
683,1
687,0
691,1
695,25
699,13
703,1
707,24
711,1
715,2
719,12
723,9
727,3
731,1
735,1
739,0
743,4
747,35
751,3
755,1
759,1
763,2
767,0
771,0
775,0
779,1
783,8
787,0
791,2
795,0
799,3
803,15
807,0
811,5
815,18
819,0
823,20
827,0
831,0
835,1
839,1
843,1
847,18
851,15
855,3
859,66
863,1
867,0
871,0
875,1
879,1
883,11
887,4
891,2
895,3
899,0
903,1
907,10
911,0
915,0
919,5
923,2
927,12
931,14
935,2
939,3
943,1
947,6
951,8
955,3
959,0
963,40
967,0
971,94
975,0
979,6
983,0
987,0
991,3
995,1
999,1
1003,1
0,41
4,89
8,28
12,50
16,47
20,54
24,37
28,78
32,23
36,20
40,53
44,83
48,51
52,24
56,41
60,52
64,113
68,40
72,6
76,15
80,58
84,130
88,20
92,39
96,107
100,38
104,16
108,37
112,8
116,69
120,14
124,35
128,110
132,58
136,17
140,31
144,10
148,17
152,48
156,17
160,334
164,41
168,61
172,74
176,31
180,70
184,61
188,34
192,18
196,28
200,22
204,20
208,9
212,108
216,24
220,10
224,9
228,1
232,79
236,35
240,17
244,20
248,16
252,113
256,52
260,18
264,35
268,30
272,38
276,2
280,95
284,40
288,32
292,24
296,21
300,70
304,22
308,24
312,20
316,24
320,42
324,11
328,15
332,23
336,22
340,72
344,16
348,2
352,19
356,30
360,17
364,2
368,34
372,23
376,44
380,32
384,0
388,18
392,9
396,1
400,31
404,77
408,52
412,64
416,1
420,106
424,113
428,23
432,1
436,0
440,64
444,26
448,36
452,38
456,3
460,36
464,35
468,0
472,0
476,2
480,34
484,17
488,10
492,24
496,18
500,13
504,33
508,23
512,5
516,14
520,48
524,1
528,11
532,1
536,11
540,6
544,16
548,29
552,26
556,8
560,51
564,33
568,23
572,15
576,0
580,1
584,0
588,14
592,31
596,6
600,5
604,0
608,23
612,27
616,5
620,2
624,1
628,1
632,3
636,1
640,9
644,13
648,1
652,7
656,0
660,1
664,4
668,0
672,4
676,0
680,0
684,1
688,0
692,2
696,4
700,16
704,1
708,12
712,0
716,2
720,23
724,0
728,4
732,1
736,2
740,1
744,1
748,26
752,0
756,24
760,3
764,0
768,10
772,1
776,19
780,0
784,1
788,2
792,0
796,0
800,4
804,0
808,1
812,55
816,10
820,120
824,1
828,22
832,23
836,2
840,11
844,1
848,0
852,2
856,56
860,23
864,0
868,0
872,9
876,0
880,21
884,1
888,0
892,17
896,28
900,14
904,0
908,23
912,4
916,0
920,1
924,6
928,0
932,88
936,24
940,0
944,1
948,0
952,7
956,7
960,0
964,0
968,1
972,0
976,25
980,10
984,0
988,0
992,2
996,1
1000,6
1004,0
1,1
5,156
9,33
13,172
17,106
21,129
25,18
29,46
33,19
37,32
41,74
45,38
49,10
53,31
57,60
61,63
65,84
69,60
73,29
77,17
81,89
85,28
89,53
93,76
97,24
101,21
105,119
109,4
113,72
117,13
121,222
125,24
129,136
133,93
137,67
141,67
145,61
149,26
153,46
157,70
161,26
165,101
169,105
173,67
177,44
181,54
185,22
189,38
193,24
197,24
201,51
205,14
209,79
213,45
217,19
221,43
225,20
229,27
233,54
237,26
241,17
245,37
249,160
253,35
257,14
261,31
265,36
269,64
273,25
277,16
281,57
285,76
289,0
293,17
297,13
301,87
305,54
309,41
313,6
317,18
321,53
325,14
329,77
333,125
337,30
341,8
345,20
349,18
353,37
357,40
361,32
365,2
369,6
373,39
377,131
381,27
385,15
389,30
393,75
397,29
401,41
405,110
409,84
413,25
417,55
421,16
425,32
429,30
433,19
437,32
441,30
445,20
449,0
453,26
457,21
461,24
465,14
469,12
473,91
477,7
481,40
485,20
489,32
493,69
497,11
501,1
505,0
509,40
513,35
517,4
521,12
525,30
529,27
533,123
537,43
541,17
545,14
549,76
553,7
557,15
561,0
565,8
569,34
573,17
577,13
581,26
585,7
589,21
593,25
597,12
601,13
605,0
609,3
613,9
617,1
621,14
625,0
629,1
633,1
637,1
641,16
645,4
649,7
653,1
657,0
661,36
665,22
669,4
673,2
677,0
681,17
685,45
689,2
693,0
697,2
701,0
705,2
709,0
713,2
717,4
721,2
725,3
729,0
733,12
737,2
741,3
745,5
749,0
753,11
757,1
761,0
765,10
769,0
773,2
777,16
781,0
785,0
789,3
793,3
797,5
801,0
805,0
809,43
813,24
817,3
821,2
825,2
829,3
833,8
837,2
841,8
845,28
849,1
853,0
857,0
861,0
865,10
869,4
873,0
877,3
881,0
885,4
889,3
893,0
897,0
901,1
905,9
909,5
913,14
917,26
921,9
925,15
929,12
933,16
937,5
941,1
945,2
949,22
953,13
957,9
961,0
965,0
969,2
973,0
977,1
981,25
985,0
989,2
993,0
997,0
1001,9
2,84
6,109
10,34
14,73
18,42
22,14
26,23
30,57
34,26
38,41
42,67
46,49
50,12
54,48
58,115
62,190
66,26
70,12
74,82
78,0
82,227
86,202
90,22
94,34
98,17
102,21
106,102
110,6
114,127
118,29
122,22
126,25
130,1
134,21
138,30
142,120
146,27
150,23
154,36
158,40
162,42
166,125
170,82
174,59
178,29
182,44
186,20
190,26
194,34
198,35
202,1
206,55
210,64
214,36
218,54
222,47
226,47
230,19
234,43
238,39
242,23
246,15
250,24
254,83
258,51
262,23
266,29
270,7
274,8
278,40
282,117
286,35
290,66
294,18
298,14
302,18
306,40
310,23
314,47
318,46
322,24
326,23
330,6
334,15
338,48
342,66
346,24
350,18
354,8
358,48
362,49
366,79
370,34
374,18
378,9
382,0
386,0
390,44
394,29
398,0
402,1
406,18
410,8
414,11
418,20
422,38
426,52
430,44
434,157
438,79
442,10
446,19
450,68
454,7
458,39
462,19
466,44
470,19
474,65
478,35
482,40
486,59
490,24
494,95
498,84
502,18
506,51
510,13
514,3
518,40
522,3
526,45
530,7
534,3
538,10
542,18
546,76
550,14
554,9
558,3
562,27
566,14
570,16
574,0
578,0
582,14
586,0
590,15
594,0
598,7
602,17
606,0
610,16
614,2
618,4
622,0
626,0
630,1
634,2
638,23
642,8
646,1
650,1
654,6
658,1
662,14
666,19
670,1
674,19
678,11
682,0
686,7
690,18
694,4
698,26
702,0
706,4
710,12
714,8
718,0
722,0
726,16
730,13
734,2
738,26
742,3
746,1
750,1
754,19
758,2
762,0
766,4
770,0
774,0
778,2
782,0
786,7
790,1
794,0
798,1
802,6
806,6
810,16
814,4
818,9
822,17
826,20
830,0
834,0
838,1
842,0
846,2
850,0
854,0
858,1
862,0
866,1
870,0
874,0
878,3
882,0
886,10
890,1
894,0
898,3
902,1
906,3
910,0
914,17
918,23
922,19
926,12
930,13
934,0
938,1
942,1
946,0
950,9
954,3
958,3
962,1
966,0
970,5
974,6
978,3
982,1
986,0
990,2
994,0
998,0
1002,0
3,56
7,67
11,72
15,37
19,58
23,64
27,45
31,43
35,44
39,16
43,8
47,37
51,48
55,36
59,44
63,114
67,7
71,14
75,18
79,35
83,119
87,125
91,29
95,40
99,19
103,33
107,204
111,1
115,112
119,1
123,29
127,20
131,50
135,23
139,30
143,41
147,45
151,31
155,63
159,33
163,42
167,65
171,28
175,9
179,39
183,159
187,49
191,56
195,33
199,45
203,0
207,14
211,145
215,73
219,2
223,47
227,1
231,58
235,20
239,0
243,42
247,10
251,33
255,46
259,25
263,56
267,10
271,59
275,32
279,7
283,118
287,17
291,24
295,78
299,19
303,87
307,20
311,23
315,0
319,1
323,32
327,28
331,20
335,20
339,49
343,15
347,13
351,48
355,43
359,32
363,44
367,65
371,64
375,58
379,52
383,1
387,37
391,11
395,27
399,8
403,8
407,14
411,95
415,3
419,91
423,36
427,47
431,11
435,14
439,0
443,45
447,26
451,12
455,53
459,42
463,2
467,18
471,11
475,0
479,1
483,32
487,13
491,19
495,67
499,41
503,4
507,4
511,11
515,27
519,16
523,13
527,12
531,33
535,8
539,3
543,32
547,20
551,16
555,3
559,8
563,20
567,2
571,0
575,0
579,16
583,0
587,8
591,7
595,0
599,13
603,0
607,23
611,17
615,50
619,7
623,5
627,13
631,1
635,9
639,1
643,3
647,8
651,13
655,23
659,1
663,8
667,12
671,11
675,1
679,9
683,1
687,0
691,1
695,25
699,13
703,1
707,24
711,1
715,2
719,12
723,9
727,3
731,1
735,1
739,0
743,4
747,35
751,3
755,1
759,1
763,2
767,0
771,0
775,0
779,1
783,8
787,0
791,2
795,0
799,3
803,15
807,0
811,5
815,18
819,0
823,20
827,0
831,0
835,1
839,1
843,1
847,18
851,15
855,3
859,66
863,1
867,0
871,0
875,1
879,1
883,11
887,4
891,2
895,3
899,0
903,1
907,10
911,0
915,0
919,5
923,2
927,12
931,14
935,2
939,3
943,1
947,6
951,8
955,3
959,0
963,40
967,0
971,94
975,0
979,6
983,0
987,0
991,3
995,1
999,1
1003,1
